1
47 127
1 9
46 41
4 2
39 35
43 13
42 31
26 3
3 44
34 38
22 20
47 37
3 37
9 18
4 33
31 9
9 7
32 34
16 18
9 28
20 13
25 39
17 7
16 10
37 13
25 31
47 9
7 35
10 15
10 21
12 18
7 30
42 16
6 19
46 30
29 5
45 41
27 9
15 10
31 44
39 47
46 44
18 44
25 20
34 16
10 9
26 12
38 10
36 23
2 14
26 41
27 38
31 15
12 30
43 40
9 44
29 46
47 31
6 32
30 13
19 8
9 16
21 27
42 24
1 9
36 26
14 43
47 20
39 43
37 20
38 31
17 30
40 18
1 9
32 18
42 27
31 10
31 44
30 9
17 14
21 18
37 43
6 30
2 29
40 38
9 44
32 18
30 10
16 44
3 18
43 10
45 32
39 35
21 14
42 3
46 17
12 18
36 8
42 17
32 11
18 32
45 22
21 30
26 33
26 30
29 19
12 38
16 31
45 9
17 46
45 16
27 31
4 27
29 14
6 12
6 35
45 30
10 31
26 10
2 21
40 34
25 9
15 43
12 10
25 43
34 3
4 40
28 1