91 93
40 22 86 63 83 86 10 45 8 34 55 34 51 44 18 4 39 74 37 21 84 65 10 24 5 84 46 6 20 68 36 53 74 57 4 13 11 58 87 82 51 15 81 42 24 78 80 45 84 34 35 60 22 76 71 75 75 79 69 93 34 85 37 15 85 46 63 64 22 43 56 15 85 61 84 55 42 76 8 18 30 61 49 81 41 50 62 26 60 29 48
16 36 53 43 63 9 32 54 51 21 8 60 83 30 50 91 6 49 92 19 63 45 64 6 77 87 22 80 49 58 7 63 21 14 4 84 71 9 36 83 37 46 8 59 57 19 29 63 45 60 58 53 59 20 35 64 23 60 54 64 90 47 13 47 89 25 60 91 34 90 30 54 19 91 23 86 13 60 30 52 33 18 5 53 23 55 21 71 81 74 8 80 19
30 54
22 32 37 24 54 50 16 37 47 33 7 44 29 54 9 37 53 33 49 36 24 20 40 41 36 49 37 22 39 26
53 45 11 36 32 33 13 30 25 23 17 37 46 32 39 22 51 18 37 24 14 16 4 42 48 43 15 44 51 27 47 43 21 26 46 37 37 14 6 51 47 37 50 38 11 25 49 47 50 40 12 28 49 48
98 100
27 31 95 65 38 9 20 93 74 30 57 21 38 58 36 12 19 52 76 64 100 61 10 41 82 8 99 17 49 55 18 15 59 64 17 31 86 32 47 58 46 30 33 19 20 10 10 16 86 64 84 25 79 8 21 59 93 52 71 66 24 53 26 39 92 89 34 19 42 6 39 58 4 14 99 37 94 68 35 5 84 54 12 30 41 22 77 89 83 49 60 100 31 82 70 77 61 39
87 95 35 68 91 92 40 67 66 20 27 77 24 8 64 46 46 30 30 32 93 89 38 50 57 63 72 54 73 67 49 75 36 6 99 38 38 58 61 70 95 6 88 83 25 36 95 83 53 60 96 80 64 56 53 36 34 13 44 31 73 37 56 33 97 72 71 34 68 37 46 4 69 26 20 36 42 63 41 54 44 23 35 10 79 69 17 79 75 43 11 62 70 66 59 63 28 63 52 60
41 92
8 40 15 57 58 45 41 42 75 49 78 77 82 12 28 58 15 74 7 32 46 6 69 34 54 60 85 72 60 67 55 17 51 27 7 69 21 67 63 39 27
69 23 54 19 48 74 35 54 78 66 87 7 30 74 39 38 16 23 20 85 10 14 6 82 27 53 61 33 20 87 44 28 49 33 36 75 41 68 29 10 43 77 51 26 34 4 14 63 8 50 36 14 35 42 78 67 28 90 21 48 38 22 85 39 4 83 71 16 64 90 91 5 16 76 52 86 48 15 67 60 18 41 38 25 83 53 27 76 53 24 25 76
18 71
22 71 11 55 9 27 64 9 18 43 68 4 66 40 32 60 31 13
6 7 65 61 61 32 58 55 20 25 53 61 25 53 41 52 67 7 28 48 42 21 60 38 68 44 60 68 65 10 35 22 51 49 19 68 44 62 57 31 17 59 39 13 47 26 28 13 13 34 30 37 11 43 22 8 7 10 12 21 20 21 21 49 48 53 26 29 47 17 9
11 51
7 27 51 47 44 12 7 31 49 42 22
23 16 15 29 44 24 21 10 21 46 8 36 23 17 11 4 38 46 28 26 11 24 8 18 24 12 43 24 34 34 44 15 46 8 10 16 23 18 50 11 15 48 50 9 47 29 13 45 13 47 25
93 98
68 35 33 7 39 26 37 9 60 59 58 30 44 77 56 56 92 80 90 15 65 67 36 69 43 85 91 78 61 76 50 38 14 15 33 21 48 70 37 80 97 39 46 52 48 77 86 82 63 80 67 78 4 56 93 67 51 91 67 51 7 80 59 51 63 8 77 39 50 27 68 6 53 70 89 59 38 74 14 96 30 50 35 61 97 95 56 75 55 4 87 38 32
30 20 48 95 58 74 57 46 51 84 81 25 64 41 52 44 30 62 90 6 27 69 31 74 50 22 21 82 58 57 73 34 24 25 80 34 44 28 51 74 41 17 40 50 41 67 18 32 18 48 53 77 95 32 34 75 23 61 26 14 65 21 7 21 93 39 40 34 67 27 82 5 87 22 56 92 49 21 66 30 54 51 88 91 63 71 48 95 10 22 96 11 42 60 39 46 52 93
39 89
53 59 71 19 70 26 49 15 81 89 45 86 50 50 41 20 71 81 79 67 56 21 31 87 77 87 60 83 36 74 43 57 19 32 86 80 53 13 33
10 22 39 57 62 42 76 63 48 84 51 31 35 31 18 66 26 71 82 10 15 49 28 7 78 73 29 23 40 23 29 63 37 49 64 17 54 83 15 42 72 69 76 69 71 87 57 51 57 41 25 79 16 67 75 88 59 40 55 46 16 9 39 76 40 57 47 29 13 67 34 4 74 6 74 14 77 46 41 45 36 26 50 19 58 80 73 84 41
25 98
68 22 90 36 19 5 73 94 90 83 82 19 70 85 6 30 93 90 37 28 77 60 72 14 35
51 38 74 31 62 79 38 57 60 23 12 32 48 46 13 31 41 34 60 15 85 29 80 61 55 71 17 40 49 64 22 68 17 54 84 11 50 94 7 42 18 14 97 56 76 10 38 57 90 46 70 86 93 22 42 96 13 84 26 56 87 73 6 77 62 64 34 41 84 18 32 35 20 6 12 65 49 53 31 46 56 55 55 60 34 44 30 59 52 22 96 78 5 79 8 87 76 77
34 59
9 44 44 36 53 7 6 23 15 7 14 51 21 53 24 55 4 44 7 59 52 37 56 47 11 41 13 22 10 9 28 52 37 54
17 26 56 6 8 41 43 21 4 51 45 47 30 24 28 25 13 4 24 50 44 15 14 22 31 9 35 46 35 56 26 48 36 57 22 5 13 26 35 15 9 39 44 6 58 18 40 5 15 35 7 17 48 52 4 56 24 12 45
44 67
40 56 24 59 42 44 50 31 10 23 65 45 31 4 15 52 62 66 29 48 43 62 18 39 53 62 32 15 56 40 18 46 5 11 59 12 45 39 43 6 26 17 8 31
58 8 43 39 62 42 23 31 51 15 13 61 35 64 47 49 46 58 41 29 39 10 32 8 8 12 24 31 6 62 7 43 38 13 4 25 31 56 17 44 52 20 54 20 20 51 64 14 7 60 63 6 39 26 15 45 56 64 4 28 52 22 13 22 49 63 30
24 60
5 29 35 10 46 4 7 19 22 13 7 23 20 26 14 39 55 18 32 35 50 34 60 58
4 51 20 12 26 20 33 32 31 18 52 30 44 27 26 15 39 43 26 41 50 54 47 58 52 7 58 41 13 47 49 52 15 30 38 25 30 45 19 56 49 50 25 51 31 10 35 15 54 15 59 4 52 19 10 39 48 40 52 42
44 87
6 82 52 4 5 38 71 32 22 75 59 68 55 50 48 83 56 24 26 34 38 27 44 14 67 17 6 21 14 69 33 31 85 52 71 21 75 41 69 13 43 59 25 29
84 4 16 53 76 37 31 5 39 63 67 76 20 39 69 41 30 62 35 30 54 10 80 83 37 66 35 27 41 12 40 53 37 25 78 20 7 40 57 15 70 23 53 50 18 7 62 66 27 44 10 14 63 77 5 12 34 17 27 85 73 24 81 37 58 22 45 43 13 66 28 65 67 63 58 68 11 73 37 78 64 72 39 55 29 46 26
37 92
31 63 69 33 86 84 44 39 77 78 28 35 79 48 72 70 90 41 59 59 42 28 11 42 32 9 25 91 45 12 44 49 76 53 33 20 33
87 84 38 80 76 19 75 60 87 76 31 9 18 50 35 76 77 31 29 33 49 39 75 71 66 4 88 56 90 59 51 59 22 39 48 26 39 25 9 18 86 68 22 39 77 37 61 71 67 25 38 72 85 70 78 12 49 39 51 46 18 21 26 31 45 84 67 78 29 61 66 7 61 17 18 12 49 18 66 17 48 9 75 69 90 31 68 50 83 32 25 62
65 82
27 80 28 15 35 69 19 61 20 50 54 33 71 68 76 61 37 25 5 33 27 32 39 77 32 64 45 65 77 26 36 79 24 61 14 60 55 67 29 14 16 70 71 37 66 74 28 69 65 44 80 26 32 73 53 31 63 45 50 16 33 49 14 61 13
17 67 27 19 6 26 24 65 35 47 36 24 56 27 24 41 14 20 30 73 6 51 19 52 5 26 43 73 27 61 50 48 26 24 67 58 54 56 42 27 47 48 66 10 5 73 6 26 31 53 23 46 69 55 50 34 67 75 34 32 55 57 56 15 47 7 63 74 60 11 32 49 64 23 31 75 27 77 68 11 60 46
51 71
31 21 38 4 71 64 5 24 19 17 20 30 22 11 60 57 13 42 31 9 20 39 26 10 35 13 14 39 51 14 67 21 17 26 46 40 60 4 68 36 28 69 24 67 11 66 60 66 18 40 27
59 13 36 64 5 51 12 17 27 16 17 9 27 26 36 54 22 15 8 65 49 9 53 15 18 44 30 51 40 31 48 20 11 12 66 7 61 16 24 50 48 11 54 32 36 16 49 69 30 4 55 69 33 65 16 67 52 24 9 45 54 68 30 54 67 53 19 33 9 67 36
16 98
59 86 44 79 57 60 4 56 83 96 86 97 66 12 60 4
49 31 55 21 12 46 58 69 95 95 42 72 39 95 7 71 71 88 52 77 32 58 94 36 53 19 73 86 46 49 89 31 12 43 41 30 61 88 83 52 83 20 37 96 74 8 30 89 90 89 30 76 74 51 30 65 6 45 36 86 39 27 28 12 26 77 56 37 18 17 62 87 22 13 37 10 95 65 9 42 96 11 19 92 50 7 88 19 62 47 17 12 87 87 31 69 67 17
79 80
8 39 40 67 23 77 50 52 40 49 60 34 19 48 15 60 16 6 74 70 23 68 52 4 35 27 66 75 22 26 32 65 13 32 68 57 70 57 28 53 71 19 27 6 13 59 44 44 7 23 62 72 80 34 75 35 6 75 6 66 43 26 63 72 78 73 15 37 70 39 70 29 17 74 43 71 21 28 21
67 61 60 46 75 17 31 37 43 64 36 8 48 37 30 57 28 6 46 12 75 77 72 57 52 28 51 54 18 46 53 47 56 46 42 41 55 63 70 60 69 23 72 57 39 52 50 32 27 21 60 77 16 60 15 21 75 42 45 73 71 13 78 64 31 61 79 18 78 19 20 55 68 7 24 73 68 24 24 19
21 64
27 6 40 33 29 15 57 17 52 16 42 47 35 47 6 10 49 38 22 59 10
5 36 8 43 37 56 63 14 34 44 12 16 47 40 12 38 56 58 47 45 12 43 26 22 48 18 48 47 48 59 59 25 38 46 28 29 44 29 9 9 32 9 26 31 55 24 58 22 8 18 35 37 55 34 9 52 55 46 41 18 21 17 47 62
46 83
17 78 69 61 28 73 34 62 55 41 11 83 52 67 56 8 74 61 79 64 60 69 14 20 76 49 21 39 70 34 40 60 31 32 6 63 42 43 51 45 58 45 76 73 4 9
46 67 20 59 8 13 53 57 46 66 45 57 25 12 7 8 43 8 17 77 49 49 79 5 36 52 47 67 57 34 80 57 75 72 19 10 78 76 24 76 24 10 36 77 70 14 60 53 74 23 50 13 51 33 12 68 52 74 60 23 32 30 64 14 32 36 33 79 34 48 57 57 43 37 10 25 18 82 26 46 41 17 37
24 85
28 79 74 32 52 68 66 42 47 7 34 41 50 60 40 31 74 83 61 51 13 32 60 5
7 45 72 51 41 76 45 81 15 40 18 56 53 52 76 38 78 76 82 67 74 28 22 21 61 11 75 21 29 38 56 17 46 73 71 33 66 27 57 9 45 10 15 7 61 70 58 56 74 41 73 56 84 27 46 9 76 37 30 40 83 84 4 61 43 44 20 20 50 47 12 58 72 17 5 10 80 75 9 37 62 44 39 26 62
69 88
48 85 30 12 36 12 64 31 75 9 76 85 31 52 56 34 81 26 68 20 87 9 65 79 62 71 70 45 20 48 31 35 12 4 23 47 76 47 83 43 60 64 64 77 46 6 57 43 69 63 25 53 83 60 72 43 84 36 45 75 53 70 70 4 79 68 4 23 44
55 58 10 56 72 83 33 40 11 43 73 61 42 57 65 64 46 46 87 11 38 34 25 64 61 13 43 81 53 46 7 31 62 69 15 83 38 23 81 67 5 14 64 69 68 5 18 70 54 28 60 26 59 24 87 70 20 26 49 49 17 14 62 51 34 51 19 78 87 74 42 34 19 50 26 80 30 37 51 83 5 12 85 28 7 57 22 72
76 95
45 9 7 37 6 41 39 79 36 26 13 6 24 59 10 91 14 73 15 63 75 81 61 14 50 10 32 62 66 47 47 13 20 85 88 67 15 32 45 82 53 55 25 77 72 59 86 78 25 31 71 70 70 67 12 58 51 89 81 87 59 32 51 20 15 57 92 32 8 47 7 46 40 92 71 65
74 86 34 4 86 42 44 9 88 54 11 38 79 94 49 13 85 59 76 94 21 29 19 44 78 81 28 58 15 25 21 18 92 24 24 70 53 65 70 5 91 6 35 21 74 18 29 27 84 83 68 10 61 24 5 23 31 9 58 74 60 49 90 42 83 93 84 17 15 37 57 92 7 84 16 37 85 54 72 94 93 69 74 35 84 27 43 21 75 63 21 17 7 10 69
65 93
80 14 24 76 70 39 62 61 59 33 93 62 25 54 72 16 80 46 80 16 44 9 69 42 13 59 23 64 88 64 86 66 65 52 18 7 21 83 67 34 41 14 13 39 27 76 9 74 46 55 53 90 74 59 44 32 44 54 73 13 85 74 60 83 43
52 63 60 55 72 13 37 29 83 13 23 85 62 91 19 55 46 74 40 12 48 7 32 46 79 60 54 12 51 82 14 56 7 81 39 90 64 34 6 88 67 13 85 58 55 38 81 75 84 21 22 7 22 52 89 85 32 23 10 68 41 24 34 57 81 49 83 28 37 47 33 20 6 47 87 43 40 23 16 60 47 45 21 13 82 9 17 26 4 21 17 48 25
34 95
55 77 48 43 12 89 68 57 69 73 83 64 83 77 36 74 9 23 74 49 86 12 53 82 8 29 79 67 92 49 60 77 62 45
69 80 12 85 82 14 94 53 36 47 22 27 24 76 83 25 87 37 55 54 24 38 52 49 7 81 16 35 48 69 50 44 81 82 48 38 56 37 20 69 60 61 18 51 84 12 60 66 54 10 71 59 51 9 20 71 86 34 63 63 34 61 69 30 34 62 51 84 29 52 31 61 79 39 28 59 63 10 82 79 9 39 94 14 64 26 23 62 16 87 34 82 11 37 72
9 82
47 34 55 23 35 42 72 65 27
15 11 71 76 12 5 60 38 74 16 54 20 52 48 13 17 18 5 70 44 60 68 7 16 11 10 58 73 52 18 32 49 5 45 47 72 5 49 72 8 56 57 7 40 65 58 48 14 71 30 15 4 77 62 57 55 44 68 60 20 77 62 72 59 62 35 35 30 44 67 60 43 14 34 73 67 68 5 39 19 33 49
30 82
64 67 68 19 12 42 74 58 46 25 80 72 15 42 19 26 8 75 72 21 43 62 5 56 56 71 31 29 32 18
80 73 63 56 81 66 27 12 41 50 69 53 50 74 55 11 37 64 70 6 17 21 58 20 41 20 31 50 35 45 68 75 5 10 25 71 17 53 18 65 77 61 36 16 67 61 24 44 73 68 50 10 80 80 10 47 7 68 34 17 65 7 62 32 59 73 61 35 77 68 70 23 29 13 77 48 4 47 61 9 19 68
16 17
8 17 7 13 17 7 12 8 16 4 16 9 15 9 14 4
16 15 8 11 11 9 15 7 4 7 14 15 8 15 10 9 4
56 69
51 34 44 65 57 22 13 13 23 51 69 64 44 58 17 27 14 6 12 18 38 55 6 26 29 17 24 22 10 53 69 30 32 26 6 42 61 51 67 55 23 48 34 47 52 56 4 52 29 54 64 15 27 31 18 24
65 37 51 15 17 13 19 15 52 13 8 57 33 11 53 64 11 29 63 43 63 26 5 34 4 27 61 55 41 37 34 62 45 21 48 61 39 50 26 56 61 65 68 6 58 40 31 35 37 18 26 22 8 63 30 12 37 43 10 53 36 11 53 23 41 36 35 52 36
20 22
22 19 9 10 13 20 19 16 14 16 15 12 22 17 22 18 20 4 22 20
6 5 20 18 16 13 15 12 10 16 15 10 9 14 19 19 7 8 13 15 8 11
80 98
56 94 85 63 97 54 31 82 21 55 98 76 10 72 9 96 52 47 34 83 26 6 10 14 42 7 60 55 6 24 70 38 4 82 26 69 82 7 45 95 47 43 21 47 46 49 74 54 43 75 12 18 55 5 23 17 86 4 94 44 4 48 15 48 16 82 68 80 56 69 25 83 22 78 54 60 74 31 20 39
79 73 87 14 85 77 21 64 24 44 60 96 90 5 86 11 31 93 49 96 84 76 12 14 8 23 14 23 59 87 74 17 61 91 68 91 80 87 97 18 91 54 16 60 59 8 91 50 10 14 77 49 47 19 44 29 23 46 89 11 11 79 42 89 25 15 35 27 60 21 94 8 65 65 81 66 42 94 48 76 29 25 20 24 31 90 59 41 12 37 72 78 83 66 44 39 80 66
52 86
23 38 27 64 34 65 70 8 46 48 9 40 39 51 19 17 28 77 78 83 80 35 52 33 53 5 45 23 61 35 81 50 26 83 50 44 17 54 64 30 79 77 70 54 60 56 20 48 26 33 21 81
67 77 15 26 34 5 35 16 77 39 44 13 51 69 31 64 70 74 55 5 9 31 82 14 41 14 62 70 70 16 73 39 67 44 79 77 21 77 64 21 29 83 8 83 32 69 77 8 35 82 21 16 74 32 12 25 48 68 41 28 22 59 82 33 44 45 6 7 64 58 28 55 22 16 67 24 56 8 8 10 24 33 22 12 77 47
5 86
31 80 80 20 81
59 66 77 30 66 40 33 9 32 85 60 21 41 77 59 30 69 49 46 44 76 56 66 23 7 60 63 4 12 55 48 13 80 70 13 55 30 67 38 70 30 70 60 36 67 69 18 81 55 19 63 13 52 50 18 39 72 19 69 25 63 25 50 25 77 49 42 83 63 73 79 15 5 40 44 47 41 18 14 75 12 27 64 77 17 25
54 55
24 7 48 49 32 42 16 40 47 34 42 46 25 29 19 23 14 54 6 36 44 45 25 39 8 46 44 34 35 27 41 35 8 32 42 55 55 30 15 54 33 26 18 18 10 44 33 54 42 31 42 44 49 19
48 49 52 7 19 53 22 14 8 41 8 42 48 5 32 8 5 31 9 15 54 47 49 20 4 9 9 46 23 52 19 39 5 54 40 36 20 54 6 39 31 8 21 39 7 52 10 4 28 33 37 39 32 18 47
5 95
46 26 12 4 11
10 52 71 35 18 45 10 82 15 38 22 94 20 75 20 73 27 42 62 40 73 75 80 70 81 48 24 28 66 33 90 79 29 47 69 72 18 79 32 32 41 57 12 16 28 78 60 40 15 18 47 75 83 67 58 19 69 89 20 60 52 53 25 52 83 31 82 84 35 49 87 50 92 22 37 79 14 68 34 51 9 65 48 84 74 29 74 67 91 61 60 13 59 18 12
540 865
302 825 780 808 542 398 431 398 369 445 799 186 494 507 683 302 128 319 714 113 755 783 582 607 128 55 371 273 703 106 594 223 351 621 113 522 274 130 358 104 527 146 300 52 356 749 820 257 147 599 763 264 831 720 796 551 52 774 461 472 96 224 348 79 737 149 842 660 389 442 763 582 842 423 519 323 170 221 63 307 807 753 840 313 178 653 265 332 690 697 812 62 817 690 538 468 373 704 722 19 776 246 572 495 165 433 855 301 687 237 82 44 601 121 433 421 815 512 640 597 241 495 97 470 193 603 436 331 92 593 487 552 549 240 300 462 446 670 309 577 653 8 5 51 413 53 806 361 374 697 790 305 291 407 623 841 358 808 728 184 485 252 662 375 304 707 861 628 306 630 534 38 249 745 703 65 100 201 677 438 805 416 678 138 464 546 90 249 34 294 109 344 534 772 12 231 566 706 269 274 748 470 714 183 28 309 182 822 382 48 822 832 141 814 260 640 671 652 125 711 518 342 812 645 411 16 669 320 700 560 617 618 167 717 773 283 323 36 638 379 19 823 348 250 502 521 702 256 10 537 730 79 450 554 549 768 596 700 826 497 638 435 448 548 545 501 21 111 148 83 676 600 175 196 857 61 504 468 154 341 208 380 569 617 826 798 218 336 541 537 565 309 730 340 304 711 464 240 772 729 372 567 670 737 113 466 769 771 101 510 549 724 582 799 559 280 860 760 860 527 510 361 614 504 324 102 847 835 431 694 446 354 185 305 453 535 521 686 158 806 200 635 669 218 814 214 44 604 168 718 799 709 691 152 119 826 413 146 612 537 413 563 516 164 428 464 562 642 348 407 611 757 191 729 527 258 736 97 269 50 40 660 291 725 307 811 758 677 187 222 570 525 23 439 572 230 723 629 550 813 656 407 119 692 445 116 406 577 351 90 801 527 691 348 660 566 501 654 815 22 689 432 383 716 704 755 501 377 645 586 110 360 398 630 666 489 610 416 129 108 640 567 313 226 435 697 34 506 470 638 785 385 448 353 820 71 482 634 719 326 841 363 513 428 861 41 356 705 645 865 337 135 599 572 645 836 254 418 243 156 234 857 338 745 799 721 215 751 146 376 782 119 378 734 795 298 480 678 842 43 410 448 521 69 14 573 569 784 525 588 728 102 228 509 270 354 275 660 10 341 818 666 773 846 86 68 848 61 604 615 833 858 549 747 333 93 478 668 712 625
856 811 730 497 139 578 319 27 32 425 492 279 278 546 646 64 831 354 165 848 170 407 538 699 384 393 60 416 827 139 465 644 50 223 650 460 337 10 208 90 515 710 301 617 288 347 623 99 448 298 810 540 752 352 227 760 819 266 486 77 60 666 771 239 206 62 332 756 429 737 238 94 132 798 570 330 854 678 816 620 800 25 573 828 863 672 358 599 333 221 543 67 409 619 54 308 309 262 658 683 503 663 521 676 604 153 710 338 636 525 51 773 682 469 657 196 838 743 487 76 146 301 334 151 483 44 178 739 317 571 238 225 571 714 667 716 255 492 775 169 422 36 655 291 743 533 371 850 26 405 785 851 379 590 775 675 547 702 837 428 301 383 504 608 758 725 316 221 648 458 486 626 402 192 677 795 91 122 11 833 348 345 693 232 631 403 616 65 356 284 589 463 566 52 223 345 184 784 165 415 635 366 172 324 687 614 408 527 854 376 384 327 645 48 530 530 861 332 516 564 400 502 812 271 113 230 858 449 551 399 821 369 587 715 606 14 526 200 520 671 562 842 701 133 329 499 347 363 787 386 470 464 281 443 806 692 462 755 172 782 93 159 191 30 382 345 680 796 484 662 74 408 408 349 459 193 254 610 846 405 265 467 161 686 178 63 156 390 418 154 217 400 242 186 830 522 35 277 770 456 331 70 452 232 132 349 724 458 54 486 483 461 57 55 359 101 146 89 341 92 726 575 754 714 751 151 523 719 725 712 636 129 73 103 739 548 319 204 226 574 614 767 748 839 692 682 387 173 89 403 118 461 651 862 37 348 450 352 320 145 98 847 420 288 309 266 499 248 157 293 12 431 820 673 491 456 486 40 742 789 92 466 853 421 751 330 297 769 247 129 303 670 816 120 469 345 475 684 620 664 533 120 244 307 316 149 641 61 360 7 849 772 277 518 783 839 73 769 97 818 139 662 470 794 489 612 4 589 287 391 756 40 770 33 169 218 169 314 224 48 266 189 395 10 436 76 418 526 721 380 220 632 160 580 67 58 551 250 546 792 836 195 63 288 145 422 832 342 809 782 473 100 485 133 413 421 800 19 225 437 814 525 259 532 766 858 842 295 783 549 82 783 741 406 844 672 49 437 399 689 686 204 676 813 680 126 463 728 113 81 110 33 235 818 839 735 73 387 765 408 533 815 655 515 319 736 383 85 842 852 363 684 554 832 330 775 354 145 811 806 495 555 786 616 632 268 583 624 312 829 823 543 21 545 630 377 101 200 771 441 823 311 532 456 69 45 316 619 832 275 444 336 193 833 50 515 840 174 825 744 126 248 473 352 214 99 847 8 614 250 749 63 388 252 326 561 242 194 451 723 708 833 672 483 234 760 197 475 513 50 58 123 323 657 72 388 728 133 249 679 428 424 10 61 239 168 753 545 385 428 96 127 764 22 587 651 11 807 90 301 599 495 188 247 746 721 76 232 588 313 568 729 845 802 211 305 619 752 258 27 305 48 263 410 336 749 589 317 790 370 689 767 852 283 298 135 230 304 91 800 95 192 445 14 810 564 56 529 794 359 756 588 744 793 702 503 370 96 134 57 737 81 617 353 405 21 95 255 481 621 645 349 155 121 57 303 321 718 391 586 185 255 758 571 515 757 239 152 719 626 18 799 859 703 829 748 395 73 840 477 225 673 667 464 482 217 509 565 70 30 89 443 833 81 364 651 665 116 852 620 525 588 545 429 659 672 538 756 217 740 171 641 490 842 582 679 355 301 560 820 455 695 123 299 425 139 316 792 293 352 620 275 814 415 33 270 111 398 642 28 306 795 602 78 339 616 590 532 812 215 625 580 500 448 542 821 787 758 247 501 632 307 649 695 853 678 265 385 67 248 159 84 377 126 247 568 76 151 577 703 133 806 797 775 78 308 715 670 666 414 222 247 223 22 602 561 405 121 289 534 558 414 244 333 67
452 480
128 335 83 310 439 474 257 371 276 167 359 342 174 286 419 279 400 273 6 97 257 449 228 292 227 257 319 414 189 48 112 442 181 383 125 102 157 234 272 53 403 38 227 220 167 353 135 385 113 196 252 235 409 447 443 350 73 400 26 85 138 410 333 370 51 249 214 171 134 261 248 437 38 61 322 424 256 96 45 381 70 115 339 255 262 399 188 416 127 73 250 331 316 79 363 256 461 346 34 155 474 191 458 465 158 276 334 207 193 403 243 56 369 181 394 58 219 11 58 350 328 115 419 396 466 178 371 35 384 57 286 31 245 299 465 233 198 145 331 342 216 320 143 7 230 442 304 303 168 373 218 233 9 112 330 186 275 92 334 88 368 229 199 220 352 436 232 136 447 356 433 109 102 189 132 306 298 272 225 326 67 269 73 350 193 358 98 462 100 348 29 457 99 60 194 182 446 405 4 390 462 408 468 5 277 100 269 221 340 177 254 297 70 208 15 378 109 84 450 137 309 309 479 414 210 71 155 347 252 64 387 346 201 423 183 81 374 159 319 404 325 209 338 381 348 375 381 370 362 167 313 403 150 115 445 277 38 395 135 133 415 464 236 253 185 225 322 160 123 367 478 448 244 404 217 122 438 174 86 204 363 342 111 342 352 264 405 437 209 375 167 466 129 479 277 94 69 207 94 166 71 226 207 8 102 96 405 178 245 235 307 207 46 334 221 294 289 426 79 472 444 230 395 436 137 178 239 338 462 228 116 56 240 224 412 157 216 223 476 329 269 413 296 367 108 180 255 195 310 375 372 471 393 133 129 11 422 257 430 138 340 341 78 209 176 198 285 67 36 312 431 374 121 289 76 16 61 316 133 256 137 411 211 206 324 388 320 7 457 353 479 214 222 155 5 259 84 261 412 208 436 156 371 80 14 307 72 358 269 20 33 155 35 94 265 64 72 326 218 233 223 211 147 163 401 260 318 19 356 228 447 430 150 99 435 267 469 246 325 406 224 52 57 164 330 19 344 17 156 122 78 191
333 474 399 356 297 105 181 189 323 52 185 193 158 202 68 173 346 103 295 144 316 229 450 265 11 350 415 407 51 257 373 384 391 135 200 473 359 341 301 294 12 475 329 241 386 381 219 37 324 270 42 311 81 200 77 449 9 184 45 208 208 344 47 236 250 171 365 133 16 191 477 293 78 322 33 365 70 299 255 455 341 253 9 57 352 129 141 48 98 202 110 316 215 335 33 446 112 176 229 445 244 292 291 197 454 135 264 153 257 118 338 351 109 274 314 361 127 434 43 413 377 427 65 175 90 124 437 461 405 243 214 211 393 293 209 152 479 391 378 439 213 121 203 4 304 40 236 83 177 250 133 454 221 205 58 340 158 123 276 175 435 123 315 141 222 18 160 183 262 225 295 408 391 336 468 131 193 61 242 369 281 83 207 327 324 341 417 290 160 479 216 459 363 150 100 190 329 380 424 400 307 307 219 436 275 479 268 402 292 316 210 199 433 432 298 129 65 238 50 196 26 466 456 302 236 360 290 400 194 122 254 304 136 344 264 220 184 240 14 139 417 17 426 107 118 393 225 428 459 183 125 352 393 32 158 266 349 78 7 436 387 59 163 321 19 80 221 7 106 433 190 38 197 337 229 140 385 196 231 350 268 243 38 242 158 248 388 108 426 353 19 226 275 49 326 243 249 98 249 471 72 424 290 134 339 228 49 197 311 62 379 331 186 224 378 310 137 91 128 333 23 245 387 276 286 313 221 63 263 387 107 259 246 87 31 9 290 308 196 80 155 151 295 16 226 405 273 314 238 8 166 262 90 129 199 78 441 278 373 118 12 88 125 80 201 305 316 19 108 344 110 48 192 268 186 210 316 246 145 10 6 252 331 347 400 457 290 11 342 455 453 70 238 160 68 159 227 184 334 30 408 360 295 342 374 195 16 283 278 360 81 9 231 119 246 460 134 156 391 94 361 268 77 408 251 45 73 225 428 394 248 21 274 268 8 466 123 49 436 179 343 362 368 453 120 192 213 453 392 204 74 123 34 413 348 348 208 418 86 351 20 412 79 5 264 186 87 121 74 6 68 399 191 449 38 160 206 268 245 205
292 356
253 155 130 34 29 32 62 149 241 167 82 160 280 339 226 215 79 4 349 72 74 253 87 7 288 254 254 224 145 113 186 116 301 129 237 58 33 24 10 77 182 46 231 58 26 253 294 238 276 97 185 232 87 166 42 100 77 324 9 227 147 176 235 186 302 212 215 149 292 184 76 345 53 348 352 327 325 259 74 283 95 290 20 152 9 285 352 105 151 315 304 157 53 133 98 287 17 246 41 160 61 47 340 278 258 93 300 280 7 343 12 207 258 220 122 228 38 193 291 220 91 6 52 206 210 275 100 285 248 32 110 214 183 208 166 196 8 162 271 219 85 107 121 21 181 167 179 60 284 283 347 243 50 101 125 260 179 315 115 262 80 238 228 338 69 47 67 252 30 175 337 262 115 307 52 262 356 133 82 248 279 99 51 257 250 22 156 244 345 209 238 345 230 213 319 87 220 343 111 201 119 327 252 171 192 314 345 75 75 261 251 354 160 73 197 32 273 245 324 202 351 314 243 276 239 286 205 56 258 266 192 157 96 130 217 65 282 62 263 89 108 96 350 306 159 315 241 143 54 16 161 269 185 73 318 63 136 53 62 119 189 37 75 34 70 76 145 185 31 266 15 329 212 266 39 24 316 331 157 269 243 27 244 80 278 27 44 304 47 234 31 167
284 85 54 335 72 354 259 168 72 348 297 340 35 262 4 195 176 109 230 41 39 298 101 153 109 68 14 140 347 81 328 297 289 136 88 211 35 111 351 192 103 10 152 296 40 65 157 111 330 6 78 224 46 109 251 146 129 13 124 253 43 337 334 146 138 200 60 152 218 321 233 190 80 128 263 142 178 311 252 263 194 171 315 81 310 148 262 125 116 139 92 262 167 344 339 128 49 88 330 207 38 122 194 16 96 39 146 181 106 172 52 264 16 131 262 17 123 117 44 158 269 171 203 72 123 56 216 67 236 349 256 278 71 118 315 260 322 321 92 256 298 333 61 118 217 182 60 243 255 288 293 259 279 262 49 103 206 217 44 201 278 177 143 283 48 312 109 336 151 347 102 285 203 145 231 43 154 91 182 169 237 113 323 163 161 291 209 22 293 45 291 207 79 191 130 83 175 45 219 25 89 185 311 301 248 264 283 241 127 346 300 306 340 262 307 341 116 212 145 7 140 336 195 286 120 144 220 300 232 121 13 292 251 52 111 104 42 76 337 306 230 177 66 334 249 201 236 65 306 261 276 85 321 291 334 112 306 152 7 184 164 33 55 32 228 96 284 224 55 286 338 345 264 228 130 227 289 341 290 255 328 336 175 239 109 84 54 210 53 215 166 55 247 18 223 185 135 229 40 273 49 90 80 318 287 144 42 203 73 237 302 87 184 271 327 178 330 7 24 244 156 294 170 18 59 244 89 313 71 67 275 48 180 231 215 34 333 321 95 245 26 131 92 182 264 320 71 311 92 278 9 97 138 250 49 263
351 766
734 647 140 484 34 476 512 662 724 732 284 328 337 409 528 533 421 208 740 388 290 550 365 373 433 550 80 362 561 407 707 46 197 21 349 290 408 532 446 89 153 160 130 303 646 571 583 83 563 499 38 367 130 79 281 645 11 577 304 394 92 399 61 13 626 740 417 71 71 53 547 598 313 82 542 502 274 248 648 98 663 533 679 760 378 640 620 604 276 209 161 510 423 637 442 601 384 324 75 499 650 603 110 658 749 490 307 75 426 20 417 71 263 739 89 17 154 75 293 312 398 449 738 504 586 42 291 208 409 164 698 695 716 441 457 723 286 608 612 576 751 246 457 495 309 166 722 195 462 193 659 451 304 754 652 59 447 679 170 146 97 664 672 100 534 448 165 288 528 202 260 326 353 533 304 703 400 127 451 626 182 533 144 406 224 526 51 37 643 676 206 368 92 540 183 365 132 159 733 707 365 224 157 25 682 74 73 276 696 130 26 679 545 386 170 650 564 403 396 456 535 161 394 51 672 646 208 32 661 500 452 531 670 185 388 509 597 366 196 200 429 290 408 183 455 123 204 378 62 242 25 88 59 122 741 137 347 410 121 163 286 167 766 226 34 669 399 32 693 622 25 312 720 148 707 200 389 760 424 113 701 554 543 473 377 164 681 764 629 303 409 473 640 259 198 167 148 158 422 219 232 645 309 532 735 694 680 165 147 316 242 28 751 67 14 47 553 116 596 536 532 666 445 677 691 411 133 150 352 347 574 207 743 437 666 31 39 282 16 734 649 496 402 697 439 665 273 457 644 252 679
342 502 492 553 223 282 464 282 242 677 475 50 566 129 272 271 487 330 305 226 442 623 190 471 246 663 715 611 745 286 350 172 572 83 544 462 477 685 727 209 649 329 114 181 605 580 176 755 85 122 457 562 242 758 424 351 6 98 112 683 506 118 558 237 24 156 273 49 102 626 212 46 524 736 759 386 309 385 755 58 97 363 551 52 411 245 227 205 127 275 627 310 79 609 739 92 600 699 147 112 691 756 7 621 172 332 730 489 96 57 179 574 327 303 745 510 303 316 614 367 106 20 756 435 494 400 758 147 480 519 210 160 140 159 35 147 512 276 207 137 531 600 499 446 627 555 659 208 620 117 302 373 67 125 378 759 554 201 300 364 574 609 334 526 501 74 62 26 340 574 210 132 715 170 423 467 423 701 225 170 357 617 121 438 415 296 257 257 363 573 530 372 54 129 399 429 208 227 400 24 595 682 482 110 514 191 450 187 435 169 175 412 131 532 310 765 640 396 119 327 520 484 267 338 57 661 209 564 194 33 43 297 34 407 399 405 545 755 460 407 353 228 161 616 77 187 564 296 554 615 161 691 471 748 223 275 140 282 558 381 542 346 227 341 485 273 717 402 542 762 475 152 418 76 637 592 396 182 708 388 346 173 570 207 666 84 406 509 651 629 62 756 310 581 102 679 537 282 90 695 105 694 462 24 759 573 285 555 320 448 566 228 371 734 428 159 315 595 467 415 410 317 24 705 616 426 179 569 74 67 677 527 368 189 265 96 511 600 432 439 538 574 104 159 613 574 281 550 705 189 307 5 506 372 354 48 154 115 474 349 744 31 383 493 448 346 383 738 727 34 125 73 169 86 28 486 357 209 26 23 233 390 222 407 323 316 17 144 415 101 333 447 525 587 681 69 489 342 273 35 81 150 503 429 702 270 273 584 123 356 616 559 195 545 283 240 714 585 704 412 379 647 764 205 143 138 441 280 410 406 596 92 54 448 472 536 8 476 9 232 489 627 606 239 745 135 21 681 690 109 84 458 311 395 682 720 363 281 147 398 672 263 470 259 470 133 651 511 507 205 49 359 304 377 460 260 662 226 279 227 620 185 585 233 625 468 628 230 436 603 614 207 82 311 410 752 733 174 501 762 586 239 251 630 568 95 160 216 754 691 403 424 220 609 213 550 264 706 623 538 745 511 509 623 492 203 736 89 630 18 577 31 80 84 145 282 515 384 637 467 612 208 365 621 764 62 404 725 333 712 538 253 181 666 591 525 312 369 36 367 616 236 206 376 480 8 106 101 560 404 84 731 82 329 110 88 183 630 748 243 703 676 571 355 572 745 52 338 216 562 129 479 348 185 668 400 282 48 276 50 95 164 274 585 446 50 659 66 382 58 169 237 593 344 299 419 539 651 102 78 207 716 190 580 349 10 301 602 639 464 471 498 460 739 71 66 601 233 481 703 468 352 97 220 229 602 265 314 194 34 306 535 129 136 644 644 29 708 275 391 63 133 424 59 142 509 447 572 142 160 761 420 81 483 277 219 362 368 438 730 755 505 538 459 145 121 748 396 604 452 538 33 493 430 126 269 92 242 517 6 367 556 369 479 551 418 696 63 530 502 39 113 212 706 627 646 339 382 690 319 306 413 765 114 83 221 650 670 533 435 505 437 105 351 13 422 116 653 568 399 651 713 588 666 634 338 332 636 304 459 214 734 643 182 141 765 710 624 428 504 25 219 11 403 29 737
384 993
446 484 206 712 99 632 599 512 406 667 928 667 732 80 599 42 778 761 484 597 642 811 480 717 29 627 654 202 223 746 933 992 865 193 946 366 63 131 55 345 852 242 275 559 847 589 649 680 307 993 276 23 302 93 255 214 496 209 449 960 545 343 875 835 332 47 400 834 348 36 218 788 323 661 939 796 799 856 652 33 395 936 454 493 650 279 580 683 396 370 34 149 477 802 294 907 287 926 339 917 430 404 412 400 480 526 46 243 906 149 293 65 68 586 418 969 427 574 878 350 122 170 72 929 862 469 108 714 641 537 633 544 132 903 488 673 823 387 571 688 892 574 827 101 448 352 454 971 63 716 579 383 633 966 133 734 379 12 100 784 394 173 676 644 253 388 955 783 837 963 966 338 837 753 25 185 30 721 587 518 100 305 735 216 761 195 399 149 66 512 482 767 899 152 526 238 363 17 52 881 351 369 833 866 508 669 215 921 790 334 837 324 702 249 205 532 94 686 493 923 634 768 715 779 4 530 735 143 764 89 743 972 138 407 799 103 240 605 928 986 334 466 349 596 955 803 347 991 8 882 602 897 32 764 72 498 58 278 674 960 413 741 838 715 70 225 782 647 886 67 785 975 174 272 908 993 811 522 132 779 230 643 130 947 773 835 475 522 773 940 191 451 296 660 387 950 775 350 54 413 967 304 265 776 753 949 515 112 422 554 72 762 140 601 417 955 400 954 931 981 816 635 469 51 464 241 829 741 971 406 878 120 58 778 286 898 184 987 848 862 251 41 566 180 242 135 59 283 59 849 572 854 881 719 391 928 296 101 935 12 70 250 193 448 742 400 936 598 679 598 21 273 683 126 745 132 703 451 507 249 656 11 370 688
176 527 325 732 306 510 656 476 936 46 755 396 840 989 353 782 932 464 253 700 957 108 302 330 723 347 581 465 701 726 257 800 583 925 605 899 760 656 885 147 170 571 899 394 64 866 348 305 688 726 159 379 841 113 757 215 134 651 353 948 814 644 422 888 7 591 755 828 460 448 148 436 861 305 565 191 562 229 285 934 447 857 464 223 651 115 89 220 450 152 696 288 735 728 704 939 703 643 248 21 487 92 705 841 728 139 808 869 450 43 163 931 44 875 503 8 14 455 243 458 418 161 419 424 393 591 24 44 419 686 461 919 941 47 966 335 838 845 199 115 716 472 315 359 519 874 966 552 951 556 653 368 769 464 765 911 65 969 193 564 52 970 54 972 271 414 772 668 369 645 551 490 4 167 252 234 239 949 17 477 389 724 661 376 549 262 516 341 591 244 70 54 401 929 411 216 711 790 816 30 450 490 697 872 855 6 930 921 888 568 503 415 373 913 401 983 651 414 279 247 987 571 431 104 720 114 966 963 294 433 962 933 530 603 414 786 958 626 58 7 590 553 215 714 774 653 38 502 574 677 917 559 184 725 130 44 534 306 774 407 609 615 9 826 791 214 476 25 631 633 536 394 444 104 379 790 963 169 84 879 495 828 824 419 41 326 695 414 52 379 595 630 940 348 703 572 939 84 743 429 603 60 989 748 986 957 377 132 755 635 425 72 720 925 292 973 208 913 793 632 620 625 451 890 384 7 513 822 810 289 454 991 332 205 132 903 692 719 768 62 694 23 624 863 63 694 474 19 523 343 685 470 716 348 257 147 459 793 619 186 432 364 584 240 762 229 29 85 268 827 791 369 813 281 508 92 529 986 39 694 903 430 371 440 136 686 515 787 536 193 197 312 782 408 309 27 709 667 578 663 269 385 651 694 820 569 862 219 526 489 875 271 107 748 483 536 267 797 449 661 871 291 679 589 818 782 69 78 550 793 594 546 30 521 265 341 748 762 147 65 725 298 274 217 830 969 93 522 156 256 334 126 917 872 742 420 450 466 543 564 303 344 560 721 488 387 13 597 130 62 295 395 372 769 363 800 591 534 201 220 745 930 911 72 802 197 477 933 42 32 820 298 875 101 459 696 646 177 812 293 244 804 790 634 511 311 989 913 582 822 321 853 990 152 361 937 455 742 441 683 509 709 264 590 577 24 283 250 694 648 415 294 656 192 950 938 67 499 744 750 279 397 661 159 487 859 209 844 313 914 471 4 827 28 600 231 578 340 51 364 248 247 201 65 623 536 138 420 198 97 201 401 36 711 60 46 719 839 198 445 522 309 752 945 882 545 675 185 515 723 717 764 337 452 120 648 561 359 493 219 850 988 504 303 260 437 921 972 711 937 797 821 354 703 979 474 54 973 528 76 875 515 176 429 306 581 914 627 322 24 9 472 173 930 432 416 821 179 746 150 950 448 794 326 612 550 284 948 459 848 209 968 559 536 986 625 28 419 533 583 741 377 799 566 275 662 38 18 812 356 770 233 580 675 918 710 844 548 367 665 697 195 965 219 592 889 714 840 624 273 385 669 694 476 642 883 376 388 597 630 182 378 459 567 944 741 823 671 658 649 373 777 497 537 30 52 546 217 571 723 449 272 759 502 363 910 886 795 574 888 459 149 281 254 572 143 336 238 365 694 693 231 567 979 16 947 825 552 87 401 967 113 363 295 355 394 171 323 929 468 5 278 562 499 764 115 196 110 57 647 671 906 600 19 102 128 139 395 139 337 119 516 237 76 20 755 210 597 495 374 203 825 49 491 489 575 261 960 136 855 362 481 448 665 607 529 563 913 405 274 222 202 950 614 357 903 24 317 634 669 824 744 976 622 261 438 795 539 956 240 392 592 681 630 602 308 849 965 145 99 709 327 256 791 689 198 358 141 221 415 736 785 242 35 571 168 197 811 600 608 264 873 561 71 449 96 136 981 471 321 584 739 537 264 439 887 767 537 855 80 585 578 544 883 800 90 825 88 235 786 766 671 344 74 710 963 715 832 428 958 106 329 543 375 724 128 27 422 951 115 329 958 704 892 683 861 992 475 9 90 8 822 204 168 293 719 225 453 285 561 196 975 429 531 434 945 361 843 850 67 169 230 584 561 825 296 657 958 818 754 434 913 573 168 386 573 477 344 958 490 810 115 590 385 672 666 500 718 627 120 412 529 405 361 444 253 38 643 33 65 824 112 215 446 747 449 448 307 548 675 440 838 584
984 989
98 474 826 799 52 298 872 484 152 611 154 845 53 918 174 200 569 549 626 152 622 583 765 788 670 74 270 436 365 421 966 958 977 49 34 622 476 163 321 981 87 798 315 667 875 412 332 310 194 330 167 373 312 164 807 986 287 398 75 885 479 605 391 288 549 822 64 187 933 669 100 196 30 459 862 265 687 548 634 95 984 275 776 89 905 278 587 417 675 440 647 101 531 884 194 985 664 715 186 606 795 809 415 499 779 861 600 769 457 418 957 776 605 693 424 670 914 825 341 475 611 288 633 882 874 813 140 587 166 768 907 815 291 741 979 591 548 610 936 282 464 541 432 905 851 799 391 585 399 440 455 13 58 93 496 575 668 534 954 101 230 847 475 521 463 279 85 811 628 296 455 127 672 251 782 132 303 419 217 801 940 380 556 561 900 351 74 454 61 60 409 654 213 448 517 421 83 268 863 600 765 754 675 497 844 744 674 6 708 555 133 224 568 309 740 508 82 78 862 519 660 395 96 444 25 301 438 626 195 551 251 370 522 552 853 651 739 859 772 928 787 272 545 837 16 902 259 644 256 183 22 707 576 111 865 691 871 766 63 769 360 300 216 359 236 856 32 462 852 570 446 848 387 360 355 636 938 395 133 504 856 784 41 114 968 600 366 386 440 191 302 914 871 19 483 509 220 130 109 576 654 928 402 402 820 244 749 215 168 313 34 955 85 347 743 986 717 761 962 391 139 784 438 630 96 224 653 341 57 675 781 737 63 54 627 295 336 208 325 142 546 725 941 652 899 958 168 62 667 19 562 50 116 283 228 546 210 454 651 9 765 802 738 225 947 874 190 628 545 505 398 808 811 586 306 645 651 157 315 635 861 140 917 426 400 919 744 369 884 71 368 50 818 808 21 783 382 218 778 51 854 312 959 269 907 506 112 452 903 610 788 729 738 68 889 373 169 53 875 513 701 18 631 189 675 976 686 611 804 716 291 669 980 605 639 152 326 319 344 623 191 919 838 890 890 925 330 729 82 720 737 883 310 229 408 865 605 868 337 16 558 433 918 41 593 93 930 186 85 846 922 329 892 468 533 108 421 523 591 922 405 450 808 494 953 123 16 543 556 29 249 861 319 349 443 492 442 108 933 416 826 606 697 280 55 664 811 486 593 383 163 160 811 468 657 968 966 352 264 307 253 213 309 804 123 530 84 188 755 980 651 585 167 928 70 624 86 113 335 586 276 391 731 385 600 464 734 611 330 108 417 885 187 270 509 558 449 976 321 380 815 412 450 661 601 579 428 541 429 731 803 360 111 434 837 354 129 805 774 734 984 101 54 147 451 627 696 25 279 984 984 979 164 722 589 849 341 157 560 222 214 945 174 113 740 485 419 313 559 211 792 740 837 476 891 101 537 557 695 154 738 561 555 156 723 801 327 140 707 954 865 380 733 989 156 82 117 622 244 376 204 691 465 753 938 858 615 511 658 682 644 852 552 49 240 105 791 829 940 182 58 666 120 709 74 764 352 516 687 74 540 788 18 426 288 361 254 367 603 102 696 809 683 48 459 57 680 372 275 931 395 699 837 322 872 288 321 412 78 59 302 343 343 503 680 982 546 526 451 934 325 172 556 583 881 737 788 834 175 534 270 7 663 17 169 509 857 361 782 858 584 762 469 224 810 718 606 559 130 867 805 875 84 639 894 213 25 929 620 5 84 109 125 623 371 776 298 183 674 397 788 475 150 240 560 247 169 909 22 904 597 487 801 988 701 528 455 101 915 789 97 661 753 863 308 220 657 501 597 890 142 982 841 38 824 506 779 501 427 677 764 699 223 782 572 250 140 200 750 952 507 180 90 738 286 480 132 885 110 460 627 683 615 779 853 363 567 590 851 968 435 615 25 392 476 915 949 373 983 896 971 103 904 952 839 143 717 8 838 806 423 527 911 654 506 853 517 628 713 322 162 901 230 779 368 43 828 676 783 211 197 14 454 565 234 599 715 154 246 346 961 470 671 660 675 750 199 100 803 186 536 588 214 605 254 691 35 598 308 492 17 185 878 331 594 419 263 634 815 833 755 972 258 650 811 139 243 499 379 540 195 381 48 829 766 585 387 861 473 758 963 653 424 364 724 428 885 334 762 837 839 674 428 37 756 854 600 926 579 564 676 819 500 495 83 422 608 916 646 167 181 567 150 764 689 548 977 720 294 959 19 399 155 841 102 688 827 809 507 355 667 280 108 742
693 402 306 278 202 846 250 322 407 145 843 734 769 960 610 717 857 820 38 687 111 887 57 624 673 631 985 292 896 5 609 521 81 548 101 949 843 916 238 20 406 531 933 806 30 76 610 41 148 544 826 822 702 847 239 655 652 441 343 357 743 889 247 205 724 613 677 735 625 641 440 208 608 18 19 78 322 280 804 800 780 176 722 264 258 532 846 760 861 619 20 44 137 161 521 310 641 117 560 381 620 352 420 908 366 583 834 171 554 786 726 577 120 224 945 501 742 760 815 885 234 855 870 188 782 89 838 752 638 535 223 694 979 692 638 803 661 558 788 790 522 742 457 630 630 583 165 844 453 829 756 5 774 932 896 380 175 56 347 439 785 899 153 350 881 413 279 111 865 77 930 736 150 286 668 915 197 475 283 764 745 762 137 764 534 976 427 842 665 326 703 261 472 874 947 37 147 639 821 514 796 851 886 636 648 114 375 414 689 933 874 769 527 208 236 886 455 940 635 202 156 674 72 282 748 437 14 274 419 722 924 961 709 66 417 315 649 102 589 856 265 157 684 817 162 610 694 155 900 751 364 456 340 696 83 251 573 535 854 496 327 690 820 735 261 12 795 870 163 358 195 78 745 301 811 900 803 811 655 770 64 826 761 636 98 551 253 481 428 879 366 906 622 464 411 83 393 64 135 111 828 754 98 446 965 951 124 768 917 99 530 642 870 709 539 57 475 250 321 333 840 690 514 543 31 684 206 780 492 378 416 718 129 950 304 351 388 166 877 570 862 338 192 109 654 591 83 14 984 493 624 596 820 118 232 457 875 756 52 418 620 81 336 945 449 850 978 830 424 209 156 358 579 299 849 780 27 723 697 8 895 100 743 199 476 551 307 695 40 127 787 768 344 955 427 143 493 813 516 678 388 688 290 879 678 119 435 399 711 521 818 472 522 545 119 913 319 573 265 276 111 971 63 571 419 475 531 454 484 631 520 239 514 287 570 359 104 328 447 626 408 615 169 903 804 24 326 320 711 112 612 657 781 35 401 188 169 693 909 812 351 12 477 878 458 757 28 880 636 672 327 594 101 293 538 325 251 594 941 15 142 171 577 951 200 904 940 288 128 457 14 505 235 812 537 273 203 504 298 89 590 342 767 169 68 736 381 350 143 244 639 43 228 98 272 877 279 977 768 464 380 546 653 393 80 50 542 978 585 146 411 617 66 574 840 575 8 424 564 85 199 541 705 127 980 450 708 794 647 180 94 678 930 660 105 904 108 530 892 856 806 849 732 575 453 241 460 826 487 931 770 58 126 543 432 161 948 52 565 734 528 527 800 954 196 486 255 813 194 815 279 609 896 930 46 616 787 780 251 464 641 183 713 369 78 249 92 75 654 559 207 564 939 607 978 746 744 469 163 391 110 247 925 664 747 231 388 149 339 961 647 905 549 853 749 962 976 621 56 908 624 155 689 507 841 872 260 513 196 307 211 851 816 600 987 740 736 377 34 427 520 978 24 167 480 512 851 325 854 343 109 165 212 280 608 500 9 555 432 549 420 279 624 211 84 105 286 546 709 264 420 532 650 729 844 711 708 967 203 180 364 530 674 781 259 518 445 829 691 226 616 703 843 105 833 906 819 233 759 299 410 103 41 524 68 329 328 676 946 463 225 793 239 267 461 884 385 808 825 7 744 594 717 642 203 432 189 919 805 261 942 937 65 885 932 619 779 561 242 735 299 286 283 385 353 263 533 702 31 806 578 857 818 134 734 691 127 266 217 971 203 149 886 366 668 639 524 173 838 403 798 377 376 848 858 355 598 979 48 523 473 672 369 541 950 753 765 869 299 943 765 807 593 941 959 646 212 261 984 631 566 899 13 780 195 553 297 653 894 118 395 948 445 787 33 415 399 545 407 51 272 647 236 865 14 662 382 599 422 514 378 245 794 784 580 585 638 828 594 33 50 463 165 421 405 405 384 369 624 304 967 839 212 135 461 412 952 49 166 828 573 366 420 391 720 587 249 347 509 163 608 439 976 69 775 75 280 404 373 987 189 209 837 486 499 110 831 316 643 745 319 447 412 37 286 398 578 771 487 117 853 120 167 910 603 592 598 94 130 712 43 431 398 538 613 176 313 891 235 936 750 805 368 162 892 884 319 737 513 493 440 82 232 414 162 625 206 788 158 773 608 528 305 316 245 361 614 497 434 456 859 568 714 586 510 877 670 302 346 919 490 187 913 192 747 448 340 568 380
338 360
258 45 254 310 274 213 97 159 135 296 215 355 101 193 343 291 221 82 329 113 346 100 220 307 247 231 258 116 271 228 142 141 253 350 71 124 245 262 21 285 155 83 332 257 224 172 138 103 156 73 98 267 270 108 107 342 172 73 149 212 6 141 227 318 143 347 336 348 341 53 324 270 330 123 226 111 37 119 176 76 162 341 179 294 277 89 68 86 251 341 14 23 42 119 165 86 121 121 118 321 84 283 291 295 280 174 199 331 320 259 34 357 191 59 359 11 53 318 199 310 307 315 349 282 312 288 165 39 138 359 184 298 211 14 56 191 51 74 62 10 230 247 53 162 230 76 135 56 38 262 122 160 108 202 83 306 108 186 335 332 265 292 305 120 309 118 118 325 286 57 70 355 291 332 138 161 105 153 319 267 308 259 148 338 125 185 220 273 157 98 144 277 298 351 194 54 181 228 41 319 85 132 183 198 263 326 77 269 359 311 105 194 339 320 81 147 94 177 219 118 220 261 226 151 48 240 349 58 238 139 310 94 101 132 109 291 131 232 220 33 6 300 41 12 223 179 345 38 254 184 157 169 91 42 159 248 216 224 61 358 355 245 93 208 26 266 227 19 110 185 349 330 307 248 157 323 246 42 220 209 315 49 303 41 228 43 126 265 17 278 297 318 272 340 226 121 268 242 291 90 117 275 112 134 110 279 247 356 189 210 29 4 14 338 185 279 280 97 126 190 308 236 35 298 7 220 67 343 315 22 280 246 332 249 249 186 66 289
51 190 152 169 83 150 10 11 217 266 13 237 35 329 116 201 196 84 96 264 140 33 53 160 127 25 214 271 229 349 16 24 24 240 33 254 60 158 59 134 274 211 250 31 18 135 307 120 250 222 39 8 76 22 325 280 124 198 289 169 31 74 200 213 303 321 332 56 195 11 136 80 345 348 284 115 317 275 4 4 77 209 52 154 358 166 147 116 160 326 156 335 25 338 7 312 141 185 355 347 91 325 217 293 164 70 198 141 291 193 284 212 130 68 79 299 308 339 225 156 300 174 57 256 312 27 51 247 47 219 339 313 277 212 305 298 10 184 153 332 172 151 287 91 298 39 201 106 261 308 112 351 88 256 219 210 164 267 149 18 118 190 273 31 131 146 24 359 356 216 204 198 288 212 158 67 31 175 186 166 235 73 235 355 252 14 315 85 162 232 62 332 255 347 290 170 189 270 346 271 330 171 125 333 156 289 209 186 50 128 199 95 40 55 180 97 249 186 181 256 133 349 73 343 305 101 44 120 127 38 358 85 330 232 187 71 320 192 262 328 222 6 134 176 188 211 11 272 279 302 338 164 117 189 193 340 70 242 312 182 350 119 298 193 296 222 87 128 29 11 303 264 148 130 93 259 309 230 75 221 21 306 137 196 25 25 179 254 6 135 42 6 54 236 309 24 307 344 183 84 306 244 27 207 190 93 288 37 243 72 288 172 351 207 17 356 144 201 246 248 266 270 264 90 28 65 125 316 33 215 63 318 9 132 49 106 41 238 163 81 294 168 59 180 247 295 225 72 140 232 135 311 57 155 208 45 290 345 97 95
710 725
543 510 164 669 589 353 360 621 105 81 541 656 29 505 371 206 451 480 298 99 478 250 15 150 114 93 357 670 304 91 520 127 223 279 695 68 602 268 545 144 178 238 651 635 360 448 70 673 169 477 509 348 374 89 225 326 26 413 128 481 396 273 591 123 423 472 502 696 399 578 22 69 155 482 407 224 297 373 457 33 612 471 657 460 307 156 200 173 282 94 568 605 298 407 163 311 275 35 10 147 389 697 75 471 125 107 613 14 623 484 101 425 501 455 181 418 242 663 359 226 226 42 695 82 272 432 552 60 490 274 661 505 391 68 58 275 321 461 121 448 684 562 628 521 545 19 172 333 495 657 614 696 716 632 580 636 316 342 352 634 333 13 601 594 141 712 499 625 84 209 635 701 327 564 559 137 400 128 602 550 635 60 627 101 373 561 128 676 482 298 328 153 724 416 718 530 686 532 402 106 694 136 105 183 162 151 645 680 41 454 545 540 234 229 184 500 163 162 255 146 604 448 400 414 200 667 604 438 339 576 215 145 173 566 57 503 477 493 524 624 36 329 674 389 347 193 32 84 265 259 13 127 294 366 226 478 602 520 35 204 53 208 109 13 563 72 666 425 435 587 374 289 560 25 673 568 561 65 331 26 191 81 713 702 31 149 652 542 725 540 217 334 571 574 64 478 33 453 29 319 25 457 667 161 408 508 663 512 267 526 569 59 481 108 110 576 591 182 509 669 679 665 578 405 17 633 630 9 299 701 262 306 724 137 388 477 357 275 441 673 273 177 442 402 6 544 26 87 610 349 291 311 374 636 114 194 214 12 596 216 19 519 446 260 123 267 162 300 526 549 447 709 207 409 526 417 360 480 389 467 398 187 40 717 249 289 352 521 690 505 120 723 289 675 354 441 120 73 114 70 619 365 161 205 544 408 371 498 15 483 219 90 362 218 380 348 17 571 390 25 545 466 486 241 539 492 698 372 374 43 54 383 704 226 216 577 199 228 574 382 48 566 327 550 168 619 691 112 235 75 682 190 363 557 479 5 623 665 516 227 471 558 189 305 37 209 665 58 579 537 281 208 609 282 31 209 200 39 227 287 112 73 718 210 184 134 447 435 721 77 533 44 582 326 656 108 700 448 96 529 645 281 709 237 232 505 388 296 571 706 509 274 499 451 6 19 128 512 80 394 130 685 233 42 366 62 708 513 380 200 608 599 306 87 719 271 608 362 715 624 24 599 183 26 559 407 145 283 55 370 668 334 4 36 105 468 524 565 400 90 351 516 177 538 534 299 189 145 290 179 244 10 611 281 276 244 684 34 554 158 165 114 345 350 410 515 117 259 499 311 530 718 104 700 318 682 536 374 222 644 532 485 137 552 331 14 78 550 445 404 34 237 479 372 391 501 678 254 574 514 326 217 212 428 316 378 276 592 545 268 311 223 33 52 262 89 596 347 627 265 365 477 201 165 144 342 72 325 366 586 115 674 398 514 28 9 692 216 553 263 221 141 453 405 261 489 347 429 42 209 19 379 192 103 177 178 11 617 651 104 636 330 161 653 412 43 344 220 252 151 458 345 582 106 665 66 327 220 635 230 88 105 506 255 293 227 686 521 665 450
96 481 579 54 667 435 503 370 81 13 546 8 457 392 287 60 676 192 132 127 290 447 239 82 724 174 106 463 5 226 592 294 682 421 38 647 397 647 719 364 467 208 641 166 663 8 299 205 405 539 594 644 278 268 646 476 656 99 344 207 9 572 35 66 127 580 544 604 115 47 10 485 202 505 361 110 598 345 495 511 376 51 676 114 617 414 16 330 338 245 200 600 292 589 386 19 450 315 152 161 422 215 448 206 575 183 504 354 539 199 719 685 586 411 552 57 104 656 341 156 187 259 73 703 412 651 367 631 227 650 278 311 227 190 227 554 84 246 457 325 484 386 574 77 123 551 640 442 511 324 700 248 543 211 345 178 63 417 278 126 356 256 68 210 88 282 639 210 395 696 7 490 122 308 154 454 723 449 424 621 377 9 309 518 654 627 688 720 451 209 176 605 112 420 122 479 540 627 357 560 375 707 720 212 690 301 42 23 217 107 420 343 654 644 18 147 314 482 435 241 157 355 196 89 384 346 722 567 28 500 470 382 544 70 280 683 619 376 656 39 471 391 430 259 344 406 601 379 421 255 323 423 366 646 719 445 678 7 472 471 620 513 286 586 417 631 571 594 295 589 46 63 714 636 98 359 60 397 138 329 79 491 472 603 296 416 119 354 442 663 276 121 68 213 358 366 46 342 540 120 47 366 683 262 54 298 259 663 333 599 705 155 99 663 567 179 35 620 175 568 675 202 433 390 103 424 556 705 66 39 200 501 432 658 140 239 199 604 498 50 563 391 319 345 474 462 99 175 128 76 110 385 282 464 197 490 717 117 676 318 400 252 650 635 566 493 299 196 322 375 244 225 214 173 295 469 655 404 432 483 553 632 671 569 604 540 425 79 122 220 595 657 115 694 320 360 644 144 506 696 288 303 17 81 565 598 348 389 18 15 114 491 201 637 412 614 92 74 707 690 155 630 398 91 334 5 96 493 167 271 41 398 354 133 548 562 382 358 247 364 218 121 252 97 465 417 153 187 388 435 520 554 593 488 309 539 291 172 282 173 44 690 283 113 543 407 88 41 276 548 483 693 623 642 594 160 400 336 529 701 557 677 325 80 576 580 578 582 73 243 331 45 135 34 638 98 75 19 570 87 490 529 488 412 269 342 281 592 672 288 29 19 576 509 269 360 220 523 440 558 303 514 89 712 225 659 197 712 430 239 281 485 565 91 363 489 473 389 216 711 588 48 16 330 605 157 544 682 472 465 639 74 251 150 350 58 261 312 614 548 517 620 513 694 428 221 471 499 537 309 489 172 679 489 541 600 513 518 541 256 444 687 63 230 623 455 342 174 298 378 718 522 10 468 252 252 228 26 75 298 23 67 723 555 207 633 604 190 531 432 701 72 361 78 269 87 562 141 566 595 176 26 363 437 332 515 435 444 307 425 84 128 457 633 718 88 248 244 533 50 481 37 417 669 686 563 467 221 713 104 543 463 498 201 245 411 135 230 505 579 60 555 236 534 192 17 567 591 589 479 706 391 174 183 615 26 272 454 381 85 660 67 200 715 503 44 87 458 574 131 586 392 337 122 183 199 257 614 275 468 692 30 455 512 63 449 188 138 269 434 271 583 100 50 624 402 121 415 147 205 23 597 239 343 34
66 567
36 558 58 326 373 283 54 340 68 354 70 526 124 101 14 298 327 149 5 329 119 401 504 36 502 101 62 334 557 28 311 118 433 425 16 401 294 514 220 38 135 375 544 431 559 432 369 391 535 341 226 497 508 423 81 135 293 515 314 229 269 466 328 414 47 188
315 98 70 67 340 144 240 203 174 461 95 197 187 265 161 473 122 180 521 437 73 16 35 27 443 282 136 364 432 335 316 442 268 403 102 87 131 257 441 15 138 57 371 6 488 62 348 24 513 419 104 321 81 417 201 117 68 453 18 52 189 56 397 101 252 143 352 20 514 318 394 547 285 492 308 343 504 67 320 107 137 200 239 17 193 212 392 305 502 20 316 364 318 192 439 524 329 459 308 299 12 477 426 415 263 28 61 268 98 421 344 374 93 493 529 404 297 41 445 472 495 201 437 83 206 112 141 27 240 291 136 105 154 219 105 534 258 538 32 210 520 203 483 76 384 166 13 529 253 161 207 257 260 130 325 97 194 517 291 472 58 492 385 143 553 522 195 445 565 57 111 142 72 320 530 106 367 83 168 179 370 271 409 311 124 96 174 65 54 151 560 385 293 322 495 344 403 187 196 315 163 431 552 185 444 435 129 202 449 205 213 27 382 317 508 525 203 558 331 271 53 175 311 48 526 469 143 216 61 326 389 380 545 389 289 457 32 207 14 481 314 416 429 71 163 552 212 23 24 471 220 195 42 336 496 72 544 272 496 251 137 8 540 175 529 237 412 197 202 77 386 415 113 403 386 458 275 402 33 45 331 26 108 330 304 500 262 208 308 547 496 175 525 151 339 93 451 229 424 111 58 517 386 334 174 260 358 536 32 179 551 483 346 103 359 383 93 53 73 76 165 547 35 26 301 144 450 354 160 417 139 292 413 153 566 456 39 92 484 219 108 48 251 427 514 199 544 160 134 557 106 362 369 359 332 445 554 277 483 110 370 324 504 310 158 257 449 439 110 338 474 18 388 124 381 16 251 380 486 132 503 279 417 112 560 106 458 70 525 224 286 526 384 203 321 446 14 429 241 488 420 494 183 559 566 257 274 365 389 59 6 197 335 468 306 403 131 72 81 498 361 330 18 52 129 483 253 322 517 274 467 413 384 135 225 489 494 82 379 134 272 145 26 345 8 519 81 379 490 178 107 281 364 77 240 95 535 426 399 233 99 369 508 339 391 220 124 309 470 245 175 335 566 329 434 375 437 456 545 255 6 361 497 321 220 275 34 143 255 538 141 541 330 326 211 534 300 356 301 227 297 347 35 339 175 251 355 549 524 529 485 515 147 196 131 160 490 115 478 501 86 132 499 290 350 382 452 319 421 400 175 266 19 211 167 525 517 57 551 41 307 427 469 57 382 484 12 517 193 159 315 419 402 263 24 27 216 260 424 468 218 499 271 222 338 327 21
281 617
172 224 540 241 430 612 199 136 458 506 433 520 518 327 13 464 161 382 388 107 256 484 209 176 496 136 581 261 101 13 604 349 300 309 401 163 453 402 175 211 545 8 380 223 603 89 504 459 49 383 555 451 99 284 438 435 544 325 351 71 97 344 188 127 60 141 270 56 252 190 215 312 249 422 36 483 40 187 439 50 221 512 528 188 579 415 470 63 326 78 364 162 32 595 574 193 444 537 12 433 144 579 292 49 336 441 18 486 299 65 525 428 352 475 169 412 382 134 518 324 58 325 511 452 158 485 21 248 443 416 8 422 91 283 205 109 327 312 581 412 96 295 242 536 223 558 395 72 108 282 484 237 298 586 551 362 482 100 40 85 84 560 283 354 317 25 141 596 602 278 426 362 171 365 196 490 584 516 470 40 57 50 68 289 187 382 201 470 162 17 205 383 302 153 155 120 53 428 459 179 393 404 191 570 101 376 282 546 125 337 50 491 285 553 542 130 589 575 497 202 503 569 571 412 401 583 139 565 183 525 40 248 585 166 446 454 282 499 368 522 508 562 116 418 231 541 451 77 593 66 282 443 331 422 347 335 322 479 419 427 93 229 160 613 47 439 597 94 468 438 211 4 310 132 549 265 366 201 343 596 47
554 281 285 363 464 139 381 33 446 380 228 42 349 216 361 111 358 185 304 364 216 412 602 435 430 299 295 386 365 212 293 553 457 244 312 318 573 71 431 323 200 85 597 157 217 417 447 564 72 148 350 597 349 162 432 497 431 261 461 325 210 51 592 390 598 164 465 160 599 307 334 195 88 392 359 33 506 614 250 43 392 444 296 251 430 484 145 535 413 615 193 524 368 234 424 378 36 471 242 208 557 290 400 250 344 565 123 491 206 22 195 606 336 260 22 231 584 526 523 485 347 456 389 582 373 553 213 439 102 401 439 205 125 338 579 83 459 286 469 136 10 76 450 213 225 260 181 206 441 80 591 592 389 324 422 495 73 557 310 483 587 241 365 235 453 273 288 310 195 388 402 566 156 409 539 147 365 291 520 155 81 290 448 218 159 507 281 210 613 532 297 596 32 209 141 343 136 405 557 369 28 115 426 232 253 462 144 139 176 593 154 593 538 325 257 436 142 182 512 217 424 515 340 254 139 308 481 216 271 431 179 45 412 159 80 10 432 594 414 33 156 299 117 445 186 265 23 269 387 538 338 160 58 583 587 262 348 525 238 105 68 247 18 32 168 503 106 454 10 349 286 101 41 239 295 382 442 370 149 93 98 154 149 184 372 276 150 348 542 147 538 241 129 485 515 347 335 493 224 230 61 178 603 485 62 36 18 319 396 143 92 322 29 50 4 363 372 446 226 331 218 86 59 412 404 56 262 433 25 46 380 559 267 92 342 234 520 609 97 227 164 358 143 320 22 143 325 601 512 41 544 288 369 377 258 372 457 454 25 94 496 498 125 560 415 488 398 173 591 311 68 408 416 339 148 533 505 139 243 163 267 469 418 16 35 89 411 513 489 65 24 68 77 67 57 556 477 341 126 277 211 317 514 143 267 95 195 332 89 227 70 447 97 582 442 507 538 400 179 210 47 175 237 222 65 516 570 162 294 34 287 121 335 326 115 555 593 606 377 382 276 263 84 322 47 582 131 509 286 481 438 610 5 102 345 462 586 428 116 194 500 532 50 78 173 439 416 151 435 401 336 79 294 487 361 579 40 208 435 65 517 273 212 539 307 542 311 6 399 401 37 18 562 117 518 495 36 524 429 238 320 370 430 103 488 292 165 99 469 137 454 252 516 380 451 151 69 523 389 155 84 269 105 13 441 342 487 492 431 154 53 573 554 143 511 276 30 127 506 537 17 59 457 413 479 222 332 373 92 296 294 307 136 239 202 375 158 351 91 492 318 128 452 563 231 436 600 56 210 562 103 571 334 113 388 447 160 186 212 540 199 556 578 462 424 335 91 504 454 73 155 377 82 237 153 486 494 480 262 513 106 534 290 385 39 56 97 462 299 195 305 13 438 308 267 372 440
232 743
363 635 284 219 83 382 545 22 483 627 521 75 355 265 609 203 309 448 430 404 169 541 500 339 487 530 4 644 638 297 621 439 649 128 559 341 324 59 253 336 30 679 304 34 589 149 276 219 355 330 206 251 703 42 301 562 435 578 349 587 366 543 164 409 411 179 448 436 655 362 354 318 217 239 619 133 433 114 476 315 135 317 169 647 171 407 526 45 522 452 281 651 199 727 41 277 115 718 534 713 258 31 5 113 243 637 707 603 451 296 335 160 460 21 600 195 338 14 631 477 574 120 301 488 129 524 458 422 315 661 289 682 359 55 348 421 53 28 183 674 346 59 513 500 475 712 536 317 469 220 419 160 335 581 571 521 186 116 537 598 26 679 124 245 177 275 733 196 559 525 434 183 371 12 502 116 316 709 729 507 638 480 8 172 179 146 446 394 326 631 495 369 716 478 223 368 415 78 78 18 705 579 133 313 652 381 568 164 737 616 270 88 225 94 50 677 682 695 131 601 150 516 425 403 638 268 130 259 419 603 85 587
295 575 533 74 327 38 647 121 79 324 228 599 734 489 597 470 191 402 566 604 723 437 718 351 47 26 122 85 251 173 104 259 654 742 618 655 598 739 514 9 34 644 273 152 369 470 467 645 692 422 614 186 445 338 699 594 319 251 227 435 644 742 653 597 338 48 118 739 646 712 392 402 399 637 400 648 352 336 572 210 318 676 540 299 38 270 271 640 69 363 669 411 221 532 154 664 230 164 713 359 495 210 236 386 230 395 459 631 529 166 407 576 439 499 60 4 422 75 224 443 348 722 383 410 321 723 604 565 425 414 307 28 742 620 704 668 472 267 265 32 733 492 121 307 344 163 206 244 404 325 647 99 590 357 117 200 679 202 469 183 4 715 349 232 78 691 515 603 412 480 694 581 371 520 700 358 120 657 501 740 540 509 211 580 446 271 73 245 662 396 526 406 642 17 717 671 89 309 618 156 482 359 549 347 163 86 516 162 392 271 738 127 732 415 481 511 395 332 494 435 214 739 640 19 215 497 595 381 159 609 733 164 638 573 40 625 474 594 568 186 152 306 670 302 536 316 661 135 59 493 676 282 398 186 689 440 506 396 285 604 126 497 714 670 574 90 351 411 135 213 122 537 708 218 585 108 637 82 482 587 20 80 95 345 402 489 637 123 595 571 460 670 550 489 487 534 80 237 609 174 598 722 316 433 494 302 710 395 71 336 511 220 279 19 252 354 680 660 688 346 397 601 408 516 394 410 563 702 311 15 233 57 216 395 112 417 540 663 98 550 244 92 504 420 152 557 7 119 549 176 54 428 533 116 701 66 246 365 353 344 722 93 311 541 17 317 294 466 71 612 267 163 57 740 338 483 418 282 246 493 75 705 428 666 704 599 556 626 417 561 272 307 623 408 704 550 624 548 367 541 223 540 5 584 447 77 661 267 430 65 229 36 310 92 619 425 492 310 5 294 191 739 579 718 58 453 557 379 131 369 713 166 288 637 153 388 252 554 252 346 316 696 204 488 480 235 323 92 622 739 562 285 375 201 82 340 405 176 700 538 696 91 47 696 224 471 328 15 76 460 696 158 386 674 397 215 214 111 345 518 409 348 451 391 85 306 136 270 697 371 724 604 579 209 62 113 8 471 163 450 105 34 307 230 740 712 707 137 636 141 542 277 223 253 378 536 699 344 686 202 570 618 448 259 678 655 149 727 42 613 688 155 213 403 75 248 9 459 726 625 454 391 209 38 40 108 458 599 101 429 702 729 373 611 510 293 640 138 419 92 363 703 4 241 155 497 615 264 145 665 684 5 47 327 420 165 469 397 344 657 531 346 140 170 518 735 694 706 170 589 398 481 5 457 494 318 225 521 176 274 457 120 274 191 391 702 392 365 405 680 607 663 224 26 291 63 535 690 736 276 186 316 610 636 637 524 213 83 80 104 226 513 623 581 338 71 327 734 11 136 557 549 652 299 552 25 403 466 408 517 417 72 253 412 670 552 367 489 504 27 318 556 529 340 618 306 476 687 217 566 383 299 537 680 277 405 308 160 730 54 199 26 537 442 289 457 523 49 615 214 373 652 18 153 365 620 335 108 515 739 680 145 630 194 515 226 703 562 325 691 155 540 382 120 364 590 402 372 22 244 235 373 544 101 251 179 105 238 23 468 488 428 602 186 675 633 486 119 94 87 232 311 489
602 927
621 604 191 546 201 237 129 431 59 447 275 396 622 793 198 817 415 416 353 360 737 544 725 88 780 289 186 144 100 791 453 858 217 45 515 636 230 80 581 719 452 633 194 110 324 99 820 627 566 176 143 196 466 807 146 855 663 94 736 672 271 183 370 502 88 720 884 835 612 408 854 869 684 176 555 656 189 458 752 477 300 230 468 803 361 746 422 82 280 570 161 611 402 495 894 411 870 439 11 551 263 465 566 637 843 845 95 771 794 252 349 222 548 26 48 825 404 526 914 752 275 216 249 911 839 922 79 458 220 226 15 547 510 313 311 666 669 622 525 224 627 249 421 729 211 856 94 862 800 542 74 702 424 921 812 280 441 400 48 833 486 92 556 803 782 189 596 108 270 397 596 300 62 61 555 555 530 861 629 414 757 39 88 430 185 850 34 689 462 216 72 893 733 492 540 684 594 787 679 415 775 228 84 299 593 202 567 62 725 895 303 820 577 672 69 920 60 690 230 676 35 765 371 648 87 912 505 513 184 871 316 297 141 136 107 338 322 888 386 194 428 371 900 692 926 471 431 279 124 123 581 551 665 289 359 142 562 288 793 417 770 780 20 391 806 89 469 532 277 736 42 491 16 899 798 439 733 335 661 912 85 912 155 770 196 917 421 64 5 320 482 329 160 118 155 359 606 200 426 501 348 883 19 866 383 89 883 651 443 152 359 805 479 806 5 152 386 218 472 341 903 135 641 454 141 680 253 497 406 452 235 700 851 276 717 581 130 710 722 580 589 218 59 134 716 13 155 813 787 139 892 73 818 221 278 339 148 111 352 111 705 378 905 191 480 837 829 571 843 618 924 337 583 891 454 596 743 453 81 436 629 805 395 913 841 79 899 869 10 489 121 168 898 67 241 67 601 837 413 362 115 488 442 646 214 738 705 149 453 401 12 329 756 626 876 542 735 225 459 909 342 615 864 367 813 367 75 50 473 134 473 727 814 686 11 616 481 170 412 502 909 36 146 131 236 330 849 460 606 294 877 914 875 628 166 635 787 915 214 362 926 760 499 765 694 910 484 674 321 684 377 219 32 670 827 417 867 596 421 205 718 364 576 390 815 625 622 330 373 420 728 569 530 641 536 159 612 784 44 798 438 19 385 479 366 819 247 190 126 338 592 233 870 19 450 644 397 380 644 130 850 129 805 281 265 841 187 617 200 479 497 222 761 864 180 264 53 110 370 792 881 314 528 341 299 675 262 901 438 871 923 509 689 513 62 463 850 111 333 718 787 618 337 554 177 275 66 140 155 291 292 69 742 453 597 650 406 258 792 13 146 494 187 213 406 918 384 808 93 494 521 884 454 903 879 487 358 731 330 511 182 737
441 755 769 158 560 556 557 538 677 784 830 524 329 467 89 838 620 828 880 523 110 822 605 391 788 140 910 734 23 741 146 616 842 446 353 662 179 358 673 455 543 124 518 676 425 348 553 488 239 423 659 302 424 685 375 781 322 689 214 849 244 556 652 361 90 606 418 495 729 588 201 427 133 782 492 394 753 218 489 722 798 582 129 914 807 305 19 272 447 144 850 736 217 606 860 869 301 782 373 617 771 380 316 907 790 105 387 251 490 661 633 537 336 826 288 808 905 872 453 469 658 411 418 522 105 362 722 153 88 628 797 350 45 545 534 181 700 187 470 183 116 213 124 664 49 634 865 895 650 344 234 466 113 860 851 675 681 717 910 487 822 571 235 118 888 919 276 805 559 335 50 688 726 200 494 885 199 539 390 377 448 909 904 796 866 594 84 851 189 492 839 76 39 815 76 237 851 592 355 772 687 117 352 745 114 133 191 10 691 359 903 147 759 870 175 279 589 459 574 215 497 569 639 329 292 371 826 880 496 403 51 408 755 898 502 305 302 467 400 174 468 551 913 858 612 749 414 278 605 277 239 723 459 248 686 372 507 769 925 743 287 671 269 514 599 914 479 75 305 234 378 192 226 742 328 129 131 76 680 118 138 829 235 671 389 401 701 68 165 305 85 202 535 604 178 577 419 213 631 500 103 655 181 342 760 758 284 902 415 829 193 481 9 213 489 291 466 455 612 308 776 220 157 332 622 611 726 178 408 536 689 201 789 749 173 866 236 372 877 269 232 321 283 735 320 377 180 691 516 88 755 447 694 601 795 452 241 762 619 484 153 615 624 680 856 225 512 483 703 573 145 597 337 213 876 549 845 920 838 550 229 459 552 775 774 148 706 754 277 719 787 129 921 795 203 669 214 111 459 435 911 135 765 129 684 261 17 907 424 569 849 244 382 109 337 544 140 105 209 66 80 701 168 187 451 860 567 297 64 575 749 743 694 628 330 89 248 755 628 146 265 132 356 218 855 919 27 844 898 726 269 456 446 366 69 446 621 807 719 513 58 843 422 208 666 149 835 675 800 547 452 305 558 213 660 815 405 170 481 302 171 925 488 423 651 566 718 533 634 610 790 387 853 845 342 627 346 613 251 782 441 711 433 285 216 699 264 708 113 340 794 325 723 450 84 569 279 219 88 261 623 925 912 254 188 273 488 444 201 564 304 897 508 387 283 670 586 181 83 830 508 684 326 721 63 229 198 397 163 686 741 486 868 504 445 733 536 426 279 437 694 487 294 591 362 68 229 257 375 437 189 276 132 438 758 576 666 39 499 629 836 167 106 594 197 729 742 557 910 222 232 226 155 336 652 753 422 319 799 505 53 770 868 537 354 610 10 925 173 51 55 579 724 26 475 572 459 27 88 244 896 759 631 720 63 402 483 548 493 523 480 216 656 126 731 580 528 650 469 888 597 319 58 247 617 351 175 813 279 172 99 291 713 682 239 593 773 639 175 844 897 706 669 448 47 358 800 303 756 93 598 893 595 658 831 489 647 618 10 262 410 110 810 819 278 404 85 759 768 430 484 325 729 358 772 61 599 350 612 444 296 662 868 352 803 6 823 922 797 401 344 739 418 215 366 891 18 661 843 663 83 769 369 869 654 99 118 897 514 859 97 491 914 396 721 148 613 106 730 426 790 905 834 382 97 868 173 204 852 593 492 713 174 380 377 88 747 369 545 665 855 349 917 586 655 546 721 138 665 594 301 681 73 848 605 705 176 779 625 884 926 323 802 584 880 297 436 128 427 359 696 385 501 101 368 430 420 852 227 678 354 705 783 243 197 210 552 157 151 827 11 776 25 625 184 248 180 395 508 248 501 674 694 413 228 146 674 98 87 622 651 666 854 669 571 46 762 881 673 327 167 319 226 590 404 651 44 149 629 560 257 917 146 908 619 917 807 213 891 241 406 909 34 407 551 729 59 510 864 199 599 789 652 249 791 375 498 172 439 147 887 817 263 220 355 872 675 45 133 438 589 728 347 640 71 373 700 506 90 181 833 523 131 518 892 174 19 644 240 423 301 560 744 733 921 867 704 682 667 132 645 458 366 424 632 915 114
173 586
423 444 32 328 359 121 282 390 343 226 281 136 23 4 525 477 560 298 89 47 359 441 500 512 537 171 103 377 292 125 351 474 427 277 522 513 404 358 266 5 565 73 427 102 559 434 337 187 19 354 234 38 97 400 284 363 245 350 23 184 318 23 173 212 488 278 494 273 40 317 332 5 35 261 262 494 232 192 195 520 59 586 394 39 127 430 522 480 341 438 278 176 62 231 572 445 16 276 489 396 197 240 571 99 252 308 425 381 43 220 57 452 205 488 235 14 11 18 75 369 462 93 334 100 548 309 438 369 567 286 448 428 34 435 444 508 317 399 471 580 334 530 455 384 563 259 249 220 500 208 501 90 465 139 429 20 432 42 221 165 165 146 139 32 304 179 492 583 217 420 572 178 321
204 136 326 38 380 480 473 10 358 93 361 284 569 436 204 8 106 398 411 218 306 507 429 337 552 193 488 288 379 486 401 400 45 16 224 112 402 216 19 283 459 410 296 45 19 300 38 362 232 474 225 538 141 548 16 478 467 73 348 52 241 402 181 492 330 284 169 253 341 556 553 161 373 407 36 329 282 29 346 195 345 559 445 371 380 270 154 536 167 570 366 265 401 295 519 282 176 529 315 421 175 213 553 32 576 149 302 311 357 197 56 220 253 265 504 231 533 234 115 417 345 6 66 475 39 193 404 336 66 426 96 224 469 132 414 116 325 556 135 551 528 538 344 320 293 59 38 30 141 39 28 439 437 129 293 537 355 251 248 173 520 251 439 428 489 137 368 515 507 196 555 273 180 538 118 121 87 554 129 148 170 341 407 526 113 36 218 293 265 449 137 324 40 511 5 61 244 514 81 220 171 291 256 231 412 22 363 439 305 273 101 306 475 487 179 35 533 504 130 421 152 45 103 54 46 536 174 123 248 187 107 312 374 61 532 562 236 549 68 463 569 167 266 296 506 443 72 522 110 38 159 427 101 439 129 86 230 107 69 487 367 240 480 153 94 107 168 98 73 196 190 145 125 300 190 118 77 247 41 88 89 394 131 253 135 60 267 14 503 530 45 255 98 103 23 316 558 369 43 50 572 118 274 369 421 397 570 192 508 149 307 181 321 359 23 190 309 533 359 562 69 102 59 82 346 66 372 53 324 209 447 118 363 178 378 524 283 419 342 467 265 180 547 187 66 210 200 477 555 569 185 162 480 558 570 86 276 371 405 533 580 311 357 50 87 380 16 435 160 336 129 254 326 239 126 252 567 562 238 144 38 27 558 137 228 111 169 185 60 332 273 5 340 46 453 14 101 173 303 382 583 514 323 312 517 69 544 447 246 526 351 225 535 245 276 420 347 538 518 463 176 512 79 426 70 501 310 212 33 323 16 337 433 256 557 77 459 124 451 280 381 342 194 385 151 561 355 499 204 118 199 266 14 18 463 474 118 273 29 72 509 99 577 37 404 450 348 141 216 470 52 322 165 8 494 383 64 336 66 92 438 201 436 548 223 398 375 470 470 499 281 200 583 336 483 228 522 150 412 300 496 477 583 43 260 293 34 261 467 134 131 298 140 545 260 84 245 255 406 151 169 246 512 279 438 440 151 481 223 219 571 60 41 137 187 407 14 470 95 214 319 157 164 431 403 9 146 225 112 272 240 349 429 4 342 355 307 372 513 437 450 450 229 553 137 8 156 382 263 347 512 95 151 226 249 526 230 508 228 105 564 5 270 524 274 168
636 894
564 317 444 420 386 399 257 377 239 104 50 685 609 431 242 613 729 540 615 734 516 109 153 707 574 824 111 382 443 702 214 624 732 244 619 163 309 853 852 382 678 367 698 618 746 632 592 447 266 399 854 438 519 381 129 489 739 6 46 558 171 200 503 299 159 831 370 62 713 512 459 278 294 641 271 126 439 245 292 513 26 556 769 178 109 757 455 241 18 69 532 462 341 464 295 795 374 570 377 657 167 476 7 566 41 811 743 488 386 829 708 407 262 306 257 891 74 31 96 716 106 416 242 616 210 211 433 440 506 841 141 800 722 77 593 346 318 359 448 232 535 883 763 76 258 858 487 423 703 752 642 586 32 328 216 610 538 272 890 416 420 615 584 186 258 217 84 389 447 615 486 515 724 278 639 487 790 180 44 510 387 453 247 509 603 535 376 92 889 614 424 418 265 877 793 373 437 610 318 509 469 194 343 610 127 800 807 807 191 181 442 320 83 416 757 631 74 533 434 671 377 571 552 22 772 7 39 67 309 221 241 851 530 261 179 543 888 141 312 879 671 541 832 183 590 372 196 688 26 183 729 175 112 195 826 675 155 718 602 597 101 423 385 529 53 27 536 173 357 635 123 281 491 133 489 628 374 450 471 380 378 101 688 246 111 116 18 780 368 531 631 319 768 197 800 232 328 54 115 384 427 841 26 716 805 768 614 579 770 191 650 678 492 201 727 804 68 557 212 239 834 786 214 111 645 16 238 629 654 438 134 259 198 98 471 728 631 284 122 573 664 21 609 693 127 789 736 519 123 20 433 748 468 508 394 18 460 322 459 95 705 100 161 511 569 404 95 836 302 625 142 575 16 468 431 574 863 184 70 343 850 776 200 810 400 608 642 293 241 151 605 289 851 599 761 82 216 711 430 299 96 16 757 524 394 313 603 197 255 389 469 113 376 18 98 165 220 589 830 859 771 787 305 48 461 459 438 713 31 69 91 197 584 164 814 551 101 515 736 795 149 675 846 743 422 74 510 191 495 158 421 883 721 246 435 365 407 389 838 783 171 418 511 835 425 342 297 740 775 788 892 407 888 502 641 48 89 21 296 638 847 667 74 316 49 458 315 869 852 117 817 672 278 48 433 409 384 330 307 414 163 276 843 424 611 445 50 768 811 409 671 698 34 879 522 385 64 103 121 631 790 700 869 188 694 313 526 890 74 695 200 263 398 868 91 679 801 111 746 425 648 780 413 491 91 754 424 791 128 523 752 664 456 521 795 20 125 161 463 581 295 711 196 286 165 609 97 590 295 385 752 549 25 520 449 801 844 112 754 694 881 13 656 74 511 819 672 516 495 55 278 657 85 774 13 137 385 407 222 854 891 868 104 6 785 698 256 732 459 817 644 361 665 205 23 442 655 514 766 286 798 174 769 708 168 706 130 881 719 250 382 264 143 664 515 451
438 112 608 725 571 872 870 726 116 461 360 619 410 736 410 349 608 11 753 778 659 779 296 692 575 389 20 537 264 695 131 260 461 323 222 355 381 188 128 655 571 878 285 266 131 691 125 209 220 588 518 253 273 765 438 132 491 731 252 567 868 326 524 286 682 58 531 243 274 274 22 554 758 675 749 609 512 108 159 507 426 76 478 184 863 641 541 440 439 244 296 805 358 198 12 680 274 722 678 622 123 472 430 135 332 880 138 179 112 813 778 419 61 504 410 825 510 112 199 404 287 57 475 841 199 517 333 565 457 715 219 786 593 73 724 887 666 694 732 240 524 387 671 630 74 643 376 276 506 591 213 196 643 453 310 667 398 237 8 806 681 314 298 132 833 752 229 762 830 587 55 678 891 773 309 798 513 273 375 237 588 848 145 178 620 474 615 222 380 825 796 130 396 46 753 651 114 870 780 640 210 85 312 823 288 428 267 797 311 443 19 393 600 813 685 42 642 833 849 665 527 327 863 274 20 621 22 682 334 676 864 735 319 413 652 296 720 49 264 26 10 855 61 12 350 374 390 194 37 474 810 886 496 675 629 489 22 717 172 779 777 583 573 212 11 668 126 4 277 510 525 197 214 348 160 681 396 556 658 681 319 568 183 564 887 209 606 143 817 782 233 207 292 595 210 799 415 827 69 710 805 358 346 417 316 29 838 330 672 149 264 667 248 112 283 73 697 701 363 77 598 360 360 678 592 350 678 497 37 515 33 91 205 153 225 562 823 11 62 388 84 245 781 163 703 378 259 118 745 206 330 667 402 249 388 620 393 666 381 60 96 132 276 59 614 656 783 39 433 423 208 834 518 591 364 17 226 195 743 757 646 642 731 492 334 631 124 565 137 58 332 11 113 752 596 408 160 556 52 255 64 432 514 245 277 747 425 449 669 468 711 537 341 245 230 530 749 796 446 372 204 302 261 870 533 290 398 70 115 553 37 851 330 612 500 526 620 303 859 281 760 864 436 272 286 593 309 4 344 639 326 860 893 231 439 584 82 803 779 51 620 70 80 431 578 471 273 877 491 488 36 112 587 786 537 646 256 698 477 570 424 727 655 10 536 727 580 481 582 251 741 233 349 418 199 677 879 173 467 202 495 292 358 566 483 701 573 668 217 224 497 724 321 662 515 891 315 273 405 225 338 139 218 104 755 825 496 561 701 240 625 102 514 335 636 843 727 162 594 734 756 11 23 177 791 84 623 331 793 58 381 47 292 871 9 666 638 469 447 231 810 701 378 876 53 387 319 843 37 270 846 150 378 368 605 764 227 408 311 190 520 578 585 797 335 37 76 892 736 607 71 302 549 813 407 32 704 561 294 204 46 501 422 430 302 576 145 695 237 120 182 760 375 83 454 197 312 434 216 186 112 365 390 859 188 200 65 299 396 138 580 6 32 793 429 25 369 498 814 591 893 494 584 764 376 829 694 346 697 746 57 120 660 239 714 734 364 448 579 6 669 669 548 270 309 105 310 748 131 547 552 522 233 288 816 208 555 257 384 406 703 446 748 392 121 577 718 543 515 85 18 461 626 127 223 680 827 405 423 358 31 483 142 885 201 233 178 716 680 408 663 879 217 36 724 196 748 392 355 311 325 639 681 704 305 201 296 200 788 438 281 182 761 857 398 516 167 723 295 878 228 83 485 474 543 155 430 654 539 117 405 430 525 265 615 537 562 286 428 659 173 272 71 513 845 236 557 808 859 571 777 641 622 23 743 511 139 643 221 795 674 470 533 418 97 118 190 281 94 99 429 37 889 545 430 108 674 597 231 71 529 783 677 622 794 726 144 701 517 304 208 46 608 343 169 568 186 734 272 318 733 287 190 617 554 618 440 285 194 769 253 753 567 4 220 701 660 114 626 724 726 196 155 615 495 662 7 317 409 796 743 599 292 313 597 650 423 723 851 185 149 27 793 776 854 665 589 62 791 226 564 435 197 581 350 789 288 617 765 631 698 383 429 457 819 640 512 734 369 232 33 145 842 281
268 494
400 202 476 317 140 79 113 71 249 440 260 148 239 344 40 379 131 130 469 490 144 231 226 443 137 50 326 192 58 50 257 180 251 166 333 475 372 158 150 156 353 80 367 397 70 246 375 401 458 96 86 116 117 483 433 408 435 339 468 287 317 355 217 347 74 156 25 324 287 35 418 375 135 248 283 343 82 472 359 219 256 224 462 237 436 413 271 89 20 471 243 367 452 44 441 229 103 371 174 360 327 223 150 185 429 157 411 113 32 189 254 121 476 356 281 65 355 98 17 329 139 194 479 226 103 410 71 261 491 337 222 366 333 468 330 379 7 339 419 292 15 33 458 335 475 316 375 313 137 276 39 77 422 261 20 334 48 339 368 330 117 268 30 255 214 98 149 447 388 283 112 270 214 238 261 403 90 432 220 490 123 230 206 166 436 142 219 416 192 125 160 71 362 42 197 489 438 323 309 245 178 102 361 492 418 195 234 193 76 122 129 288 335 171 370 335 52 122 423 74 240 454 342 438 420 267 476 398 296 358 293 334 229 99 340 324 415 20 368 468 410 319 467 134 77 327 299 287 64 457 101 305 195 432 372 241 429 432 88 14 59 7 131 8 374 63 21 467
44 64 32 216 31 96 382 52 177 45 265 318 219 45 346 211 76 179 409 81 133 167 288 246 444 301 52 76 76 462 338 7 416 130 438 324 305 103 186 10 468 219 43 248 344 333 252 418 264 5 150 464 312 7 181 324 79 38 202 131 307 264 79 453 268 5 92 464 257 479 424 306 443 286 229 77 290 467 478 120 39 348 447 54 117 97 320 395 77 41 401 68 429 399 461 225 153 458 466 21 80 79 422 271 456 197 11 228 220 454 55 490 307 136 434 60 492 75 423 468 394 333 177 257 462 435 97 117 235 218 18 53 42 319 433 191 45 28 301 228 146 330 492 29 390 472 368 232 58 282 407 126 163 185 262 474 210 262 69 85 278 379 480 289 43 380 316 120 468 389 24 215 449 4 112 299 49 345 277 311 295 228 263 444 154 120 166 392 308 115 330 30 255 107 88 185 346 204 327 50 222 410 79 427 484 371 191 37 446 15 48 204 456 376 219 360 48 375 206 305 49 209 273 87 464 156 110 68 217 142 354 350 367 132 176 287 386 185 491 117 397 210 274 201 154 353 320 56 180 419 383 109 465 425 407 468 370 142 11 180 464 375 30 158 8 392 427 272 320 378 428 245 372 402 177 62 264 128 83 178 368 404 95 71 94 369 223 409 44 197 289 269 475 120 247 20 314 416 89 54 114 71 67 226 267 391 309 75 464 208 467 58 450 15 212 147 380 331 186 223 487 25 151 24 272 4 319 404 5 201 189 242 22 356 102 251 354 386 306 284 61 444 447 33 331 105 245 90 386 24 403 28 189 441 447 306 384 391 309 25 451 377 308 327 81 123 280 400 74 237 400 41 234 14 392 95 224 65 391 72 70 175 128 416 161 31 485 50 346 288 191 287 161 97 160 139 167 356 97 101 296 242 305 418 244 368 8 247 160 485 483 458 264 405 199 230 188 406 230 133 81 29 441 343 448 33 282 109 34 205 393 167 45 134 378 223 184 409 480 312 64 463 464 429 271 228 162 206 363 384 452 88 217 116 115 363 38 310 314 224 264 250 390 329 481 226 19 371 391 385 78 265 45 321 357 470 299 121 96 121 178 13 342 449 436 15 204 335 405 98 493 262 226 263
0 0
