5 9
27 9
2 8
20 17
38 44
26 9
9 8
0 9
17 16
8 5
5 33
5 24
34 9
9 8
6 9
37 17
11 55
43 18
5 8
0 50
15 24
5 13
11 18
32 17
0 11
79 9
23 9
0 50
47 9
1 14
19 19
13 17
26 25
43 24
16 9
4 9
27 27
7 12
24 9
8 9
29 15
19 8
59 9
16 6
40 11
24 10
3 21
4 9
5 9
7 10
21 14
0 3
20 8
9 12
8 9
25 9
29 20
8 22
8 8
30 8
2 9
3 13
42 35
80 8
54 15
7 9
33 54
2 15
35 53
22 69
12 21
3 4
2 31
1 30
10 20
43 10
55 9
11 44
59 9
22 7
1338 145
2860 412
2848 172
3344 88
2427 181
447 372
9049 406
5705 227
9815 101
5620 260
911 38
1529 736
2583 233
137 351
1048 59
849 499
702 338
1988 84
215 245
478 39
